20.0 0.0004847000236622989 0.00042100000428035855 0.0012593999854288995 0.0009301999816671014
40.0 0.001853099965956062 0.001392899954225868 0.006271800026297569 0.004204400000162423
60.0 0.004194999986793846 0.003234500007238239 0.016330699960235506 0.011396100046113133
80.0 0.0083281000261195 0.006500099960248917 0.03188389999559149 0.02183420001529157
100.0 0.013600000005681068 0.01091650000307709 0.053876400052104145 0.03594110003905371
120.0 0.020936999993864447 0.016962199995759875 0.08695470000384375 0.05545970000093803
140.0 0.03048539999872446 0.024849999987054616 0.1309029000112787 0.07902850001119077
160.0 0.04235929995775223 0.03519069997128099 0.1681706000235863 0.11387100000865757
180.0 0.05739640002138913 0.04789300000993535 0.22688460000790656 0.14842929999576882
200.0 0.0745522000361234 0.06319450004957616 0.28459890000522137 0.19854179996764287
220.0 0.09527429996524006 0.0887234999681823 0.36718419997487217 0.2588980000000447
240.0 0.1189942000200972 0.10235000000102445 0.43843029998242855 0.3116200999938883
260.0 0.14780909998808056 0.133376199984923 0.5380024999612942 0.38953980000223964
280.0 0.1777336000232026 0.15717670001322404 0.7151432000100613 0.47849290003068745
300.0 0.21801139996387064 0.19107090000761673 0.8840599000104703 0.5926450999686494
320.0 0.2599362999899313 0.23970500001451 0.9565991999697872 0.6485694999573752
340.0 0.31235799996647984 0.2791004999889992 1.0882545999484137 0.7406790999812074
360.0 0.37517040001694113 0.33882040000753477 1.2120724000269547 0.8707914000260644
380.0 0.4335607000393793 0.3934708000160754 1.3805883000022732 1.0241403999971226
400.0 0.5093780999886803 0.45749309996608645 1.6553559000021778 1.1380803000065498
420.0 0.5837842000182718 0.5402400000020862 1.8896037000231445 1.2470839999732561
440.0 0.6661590000148863 0.610554700018838 2.1269933999865316 1.481510600016918
460.0 0.7608710000058636 0.6963765000109561 2.3681320999749005 1.6617267000256106
480.0 0.8584978000144474 0.7979484000243247 2.5822433000430465 1.8027649000287056
500.0 0.9692524999845773 0.9010664999950677 2.9022722000372596 1.9719661999843083
520.0 1.0910216000047512 1.0163959999918006 3.3198918999987654 2.2205924000008963
540.0 1.2260705000371672 1.143587100028526 3.571593699976802 2.418389300000854
560.0 1.3703535999520682 1.2715853999834508 3.872618799970951 2.6710816999548115
580.0 1.5255674000363797 1.4340011999593116 4.194450400013011 2.921391800045967
600.0 1.704696300032083 1.5795090000028722 4.588945900031831 3.1745860999799334
620.0 1.9176205999683589 1.758543899981305 5.313855600019451 3.5329018000047654
640.0 2.040690599998925 1.950324699981138 5.8656545000267215 4.046764599974267
660.0 2.2808668999932706 2.1519040999701247 5.966796599968802 4.569791099987924
680.0 2.5111504000378773 2.377280000015162 6.137971599993762 4.909977599978447
700.0 2.7380314000183716 2.5834203000413254 6.697717499977443 5.333385600009933
720.0 3.049542399996426 2.8555288000497967 7.174466800002847 5.744080899981782
740.0 3.320904799969867 3.207563999982085 7.9071641999762505 6.074140899989288
760.0 3.5697709000087343 3.3819569000042975 9.004375000018626 6.679037900001276
780.0 3.9824226000346243 3.7879165999474935 9.529338699998334 7.109305699996185
800.0 4.318745099997614 4.095657799975015 10.090294699999504 7.733284200017806
820.0 4.72372930002166 4.456662499986123 11.268959400011227 8.810220299987122
840.0 5.250915499986149 4.94698430004064 12.027902400004677 9.512450399983209
860.0 5.584363900008611 5.44944639998721 13.028810899995733 10.428922499995679
880.0 6.034101600002032 5.7875386999803595 13.69665850000456 11.086525499995332
900.0 6.59507909999229 6.215378399996553 14.18384369998239 11.049965799960773
920.0 7.067472200025804 6.671194900001865 15.449706399987917 11.69721389998449
940.0 7.517390499997418 7.267980100004934 16.190279399976134 12.501220799982548
960.0 8.033666400006041 7.8456312000053 17.15310649998719 13.372687700029928
980.0 8.840805099986028 8.512463100021705 17.949388100008946 14.171645500056911
1000.0 9.564806199981831 9.175135100027546 18.81654480000725 14.99010769999586
1250.0 18.464935900003184 17.56690689997049 36.926991200016346 29.29824010003358
1500.0 31.406965400034096 30.840558299969416 58.779538200004026 48.038004699978046
1750.0 48.44533079996472 47.43607630004408 94.15221500000916 70.39469080005074
2000.0 71.49170359998243 70.96120730001712 130.99970420001773 101.02298910001991
2250.0 99.18887460004771 98.2724237999646 180.047918199969 143.04790040000807
2500.0 136.7595889000222 134.33158220001496 237.16841230000136 196.2973354999558
2750.0 178.7347191000008 177.28144109999994 305.8047677000286 250.93656390003162
3000.0 230.5500431000255 227.06626099999994 365.9467313999776 326.24175500002457
3250.0 291.2373991999775 287.6813927000039 450.99127739999676 398.9925069999881
