20.0 0.0011678999871946871 0.0008859999943524599 0.0010029000113718212 0.0011292000417597592
40.0 0.0026111999759450555 0.0010725000174716115 0.0020752999698743224 0.0007419000030495226
60.0 0.00351429998409003 0.002056600002106279 0.0011692999978549778 0.0014561000280082226
80.0 0.003579300013370812 0.0017009000293910503 0.0017704999772831798 0.0007458000327460468
100.0 0.011149300029501319 0.0020545999868772924 0.0032955999486148357 0.0011659999727271497
120.0 0.006338800012599677 0.002372699964325875 0.0017937999800778925 0.0007519000209867954
140.0 0.01228700001956895 0.004010500037111342 0.004123500024434179 0.0011952999630011618
160.0 0.025075399957131594 0.00596039998345077 0.0028202999965287745 0.006242699979338795
180.0 0.008430800051428378 0.009864900028333068 0.00471000000834465 0.0027919000131078064
200.0 0.01373750000493601 0.006304699985776097 0.0037914999993517995 0.0030824000132270157
220.0 0.02000150003004819 0.008927799994125962 0.01020090002566576 0.005272099981084466
240.0 0.0252316000405699 0.021304399997461587 0.009275499964132905 0.006019899970851839
260.0 0.027154199953656644 0.01611409999895841 0.007505099987611175 0.004533600003924221
280.0 0.03334600001107901 0.012371899967547506 0.013446599943563342 0.00818589999107644
300.0 0.03316440002527088 0.023946199973579496 0.008875600004103035 0.007082000025548041
320.0 0.0400859999936074 0.01670779997948557 0.011675800022203475 0.005412700003944337
340.0 0.04280080000171438 0.025120200007222593 0.013616400014143437 0.011065099970437586
360.0 0.04449070000555366 0.02341089997207746 0.01115340000251308 0.0036755999899469316
380.0 0.044364299974404275 0.013123500044457614 0.012626699986867607 0.004669400048442185
400.0 0.057956499978899956 0.027540900046005845 0.01808750000782311 0.00882450002245605
420.0 0.04893760004779324 0.025373300013598055 0.017292400007136166 0.008343900030013174
440.0 0.0539728999719955 0.022543099999893457 0.012595999985933304 0.017997599963564426
460.0 0.05320740002207458 0.025541900016833097 0.01730820001102984 0.007015499984845519
480.0 0.062210500007495284 0.07737419998738915 0.027278899971861392 0.010801399999763817
500.0 0.06824649998452514 0.03621599997859448 0.01778240001294762 0.01286479999544099
520.0 0.05967450002208352 0.05526400002418086 0.019263399997726083 0.013386600010562688
540.0 0.06961460004094988 0.053024600027129054 0.027622700028587133 0.013440399954561144
560.0 0.09245900000678375 0.06258979998528957 0.025317199993878603 0.01755109999794513
580.0 0.09137239999836311 0.07595170004060492 0.024300799996126443 0.021692599984817207
600.0 0.07915130001492798 0.05644459999166429 0.02350719994865358 0.02605380001477897
620.0 0.088766599947121 0.04634590004570782 0.03838440001709387 0.014600499998778105
640.0 0.0998568000504747 0.05113660002825782 0.033778299984987825 0.015859599981922656
660.0 0.09336940001230687 0.07997429999522865 0.02682169998297468 0.0448270000051707
680.0 0.07702319999225438 0.05683919996954501 0.04421299998648465 0.017631600028835237
700.0 0.12409599998500198 0.07590140000684187 0.03429500001948327 0.016268500010482967
720.0 0.077181099972222 0.11457649996737018 0.02108500001486391 0.035744299995712936
740.0 0.08919069997500628 0.128158200008329 0.027884800045285374 0.044210400024894625
760.0 0.10756290005519986 0.08581170003162697 0.04136899998411536 0.03473620000295341
780.0 0.13229590002447367 0.08907299995189533 0.046032799989916384 0.023337199992965907
800.0 0.11852489999728277 0.09384380001574755 0.036279499996453524 0.025380800012499094
820.0 0.09926390001783147 0.15745269996114075 0.037715100042987615 0.0593232000246644
840.0 0.10673890000907704 0.1367325999890454 0.04453880002256483 0.04389570001512766
860.0 0.12765089998720214 0.1315772000234574 0.03864029998658225 0.02942480001365766
880.0 0.09927549998974428 0.12337709998246282 0.041933099972084165 0.05290329997660592
900.0 0.10243810003157705 0.11850490001961589 0.029181300022173673 0.03399409999838099
920.0 0.24760920001426712 0.10103369998978451 0.03214179998030886 0.05452150001656264
940.0 0.10703519999515265 0.17120470001827925 0.03293950000079349 0.03593469999032095
960.0 0.12377890001516789 0.13216770003782585 0.045644600002560765 0.037030300009064376
980.0 0.1304004000267014 0.28208319999976084 0.043293200025800616 0.0699202999821864
1000.0 0.3610585000133142 0.1280176000436768 0.1112483000033535 0.03569579997565597
1250.0 0.21984410000732169 0.18622600001981482 0.09850169997662306 0.05008399998769164
1500.0 0.29189059999771416 0.2782920000026934 0.07261360000120476 0.06801469996571541
1750.0 0.544667300011497 0.31919830001425 0.14287769998190925 0.0998239999753423
2000.0 0.4329015000257641 0.25004790001548827 0.14268220000667498 0.07263970002532005
2250.0 0.5882652999716811 0.3858209999743849 0.18970589997479692 0.09190250001847744
2500.0 1.0324895000085235 0.4822584000066854 0.1557524999952875 0.09377979999408126
2750.0 1.0778749999590218 0.7451121999765746 0.40916529996320605 0.18080220004776493
3000.0 1.033058599976357 0.5077143999515101 0.28756090003298596 0.18953899998450652
3250.0 0.7565621999674477 0.670436599990353 0.31629779998911545 0.16599010000936687
3500.0 0.6968837999738753 0.7541078999638557 0.22624670004006475 0.1272694999934174
3750.0 1.0583470999845304 0.8434234000160359 0.36067819996969774 0.17493649997049943
4000.0 1.5898494000430219 0.7133259999682195 0.48927740001818165 0.2430451000109315
4250.0 0.901701700000558 0.6761604000348598 0.2295869000372477 0.1791493000346236
4500.0 1.1835975999711081 1.4321094999904744 0.343457099981606 0.5641594000044279
4750.0 1.1132655999972485 1.1302788000321016 0.3618943000328727 0.303181900002528
5000.0 2.221887500025332 1.4722468000254594 0.4261994999833405 0.3810442999820225
5250.0 1.273486000020057 1.8896956999669783 0.4483802999602631 0.4415955999866128
5500.0 1.9675319999805652 1.6359197000274435 0.5128841000259854 0.4205266999779269
5750.0 1.156826899969019 1.421044599963352 0.3662705000024289 0.32609760004561394
6000.0 2.8687710000085644 1.8682766999700107 0.711863300006371 0.5195267999661155
6250.0 1.3302140000159852 2.2663151000160724 0.33439289999660105 0.5551932000089437
6500.0 2.585075200011488 2.2385151999769732 0.6730091000208631 0.5072111999616027
6750.0 2.556839199969545 2.557474299974274 0.8829967000056058 0.590485599997919
7000.0 1.6963500999845564 2.6339460000162944 0.49203449999913573 0.5803058000165038
7250.0 1.576844599971082 2.296587799966801 0.4336446999805048 0.46881910000229254
7500.0 1.824984700011555 2.1643769000074826 0.44886229996336624 0.44871490000514314
7750.0 1.7615064999554306 2.9149700000416487 0.47445380000863224 0.6653273000265472
8000.0 3.171752499998547 3.644940299971495 0.6140693000052124 0.6836560000083409
8250.0 1.9412091000122018 3.7374104999471456 0.5547221000306308 0.8841784999822266
8500.0 3.032720100018196 3.045602999976836 0.8870008999947459 0.7172999999602325
8750.0 2.003622499993071 3.5670050000189804 0.5454106999677606 0.7903820999781601
9000.0 1.7510271999635734 2.3964940999867395 0.41932760004419833 0.5561029000091366
9250.0 3.0574319000006653 2.9069812999805436 0.7682780000031926 0.6596050999942236
9500.0 2.0713859999668784 4.542240200040396 0.6156745000043884 1.0060216000420041
9750.0 2.5121884000254795 3.786318400001619 0.6286401999532245 0.8500423000077717
10000.0 7.1562592999543995 2.970119200006593 1.701048200018704 0.6606575000332668
11000.0 7.079647600010503 6.042859000037424 1.9827401000075042 1.4017750000348315
12000.0 6.753722199995536 7.70739399996819 1.8719648999976926 1.721680100017693
13000.0 8.924219299980905 6.008539300004486 2.2166193000157364 1.6771790999919176
14000.0 9.395667100034188 5.188765399972908 2.3734930000500754 1.1611138999578543
15000.0 12.887749699992128 7.569402699999046 3.1852948000305332 1.7677368000149727
16000.0 7.438207999977749 7.477174799947534 2.033978899999056 1.6995397000573575
17000.0 7.868326099996921 7.079807400004938 1.960144600016065 1.8865926999715157
18000.0 16.90567450004164 11.590062900038902 4.200368500023615 2.5865257999976166
19000.0 13.377071499999147 11.572099899989553 3.468057799967937 2.7555806000018492
20000.0 14.224275799992029 7.253906900004949 3.58636919996934 1.6679352999781258
21000.0 14.102433399995789 11.213385799957905 3.4347013999940827 2.4536796999746002
22000.0 16.078945000015665 9.56495139998151 3.7213138000224717 2.162759599974379
23000.0 14.910804799990728 10.098122800001875 3.8192172999843024 2.3808114000130445
24000.0 15.852824200002942 14.35701809998136 3.874535000009928 3.1889024999691173
25000.0 16.903873400005978 10.75428870000178 4.236662900017109 2.5058472999953665
26000.0 16.246261599997524 14.588718499988317 3.833182200032752 2.988300299970433
27000.0 16.793356200039852 11.457192400004715 4.739211099979002 2.544562900031451
28000.0 19.658420099993236 11.960934299975634 5.5412283999612555 2.845628499984741
29000.0 22.193868000002112 11.808153500023764 5.811393599957228 2.7322664000093937
30000.0 21.636998699977994 17.129274800012354 5.862196000001859 4.2692898999666795
31000.0 24.98443780001253 13.66991820000112 6.35137729998678 3.5600387000013143
32000.0 25.14882070000749 11.874031600018498 6.061622199951671 2.870925100054592
33000.0 23.821874299959745 11.679788500012364 6.015231300028972 2.7417877999832854
34000.0 28.882586000021547 16.63487820001319 7.505249699985143 3.7330526000005193
35000.0 30.171742200036533 15.35900669998955 7.36427779996302 3.4495489000109956
36000.0 25.49060219997773 16.663293300021905 6.490456499974243 3.98312829999486
37000.0 26.547396900015883 17.5236538000172 6.844549499975983 3.989319999993313
38000.0 28.8288528000121 16.616800699965097 7.817964799993206 3.8386624000268057
39000.0 16.063160600024275 15.085324799991213 3.7366435999865644 3.6752881999709643
40000.0 17.30408420000458 16.885684500040952 4.532197099993937 3.92823610000778
41000.0 13.10154760000296 15.336515000031795 3.558910800027661 3.9873801000067033
42000.0 10.704721799993422 13.61202369997045 2.652844800031744 3.124621399969328
43000.0 20.96420530002797 13.158248799969442 5.89389280002797 3.0906041999696754
44000.0 25.207182299986016 14.595974500000011 7.051537499995902 3.4458083999925293
45000.0 24.702976499975193 15.650276800035499 6.2890730000217445 3.544430800015107
46000.0 23.563786400016397 17.54111930000363 6.000135699985549 3.812946699967142
47000.0 30.892032900010236 14.347065300040413 7.609353500010911 3.963934600003995
48000.0 22.10042750003049 18.280274399963673 6.5386580000049435 4.261362800025381
49000.0 21.078086099994835 17.447678599972278 5.52565239998512 4.306361399998423
50000.0 24.37554320000345 17.13373140001204 6.074971100024413 3.798915699997451
51000.0 27.681022099975962 20.45554070000071 8.463352799997665 4.6390793999889866
52000.0 25.31576689996291 17.797434599953704 6.330047500028741 4.35831830004463
53000.0 29.99221039999975 18.197020900028292 7.437051200016867 4.108979799959343
54000.0 44.08008650003467 18.27609769999981 11.117911399982404 4.370967200025916
55000.0 27.86576509999577 19.270098299952224 7.89512930001365 4.650759499985725
56000.0 18.532264600042254 20.272037199989427 5.312197999970522 4.843110400019214
57000.0 30.069690100033768 21.34100730001228 7.321462500025518 4.960276700032409
58000.0 21.186534100037534 22.16311800002586 6.756173599977046 5.271718000003602
59000.0 22.773086300003342 19.984731499978807 5.166078199981712 4.562231799995061
60000.0 30.853068199998233 21.38831199996639 6.434598400024697 4.922658000024967
61000.0 23.14516240003286 21.613294299982954 6.004403500002809 5.623065699997824
62000.0 25.21063150005648 22.20881800004281 6.344043700024486 5.294289799989201
63000.0 22.150582599977497 22.81031809997512 8.099801200034562 5.529512599983718
64000.0 40.77729290002026 27.072654300020076 10.152403699990828 5.881763300043531
65000.0 47.35675029997947 24.60080320003908 11.805111599969678 6.100078399991617
66000.0 47.745300200011116 24.108546799980104 11.857969900011085 5.632264800020494
67000.0 36.20094070001505 29.303393099980894 10.825618300004862 6.714423700002953
68000.0 32.047642199962866 28.22508479998214 8.365669000020716 6.6744882999919355
69000.0 28.953976800024975 24.6636651000008 7.029891400015913 5.754608699993696
70000.0 29.026442100002896 24.69469229999231 7.629170200030785 6.042231000028551
71000.0 33.890284800028894 27.683082100003958 9.662253199960105 6.310978800000157
72000.0 43.79558450001059 25.490432600025088 10.265963300014846 6.365506100002676
73000.0 26.057692700007465 27.543484700028785 6.542095999990124 6.578783900011331
74000.0 23.32729719998315 39.40947789995698 5.508435699972324 9.432981200050563
75000.0 22.616976600023918 33.8998649000423 8.421741299971472 7.0926640999969095
76000.0 24.433080999995582 28.0169770999928 5.808617100003175 6.457406900008209
77000.0 24.84767180000199 28.68861100001959 8.794978699996136 6.622466600034386
78000.0 26.190982500032987 32.06990659999428 6.603642200003378 8.189377099974081
79000.0 28.802303100004792 33.81415190000553 8.325899999996182 7.743204600003082
80000.0 25.20348720002221 32.87775760004297 7.708765399991535 7.864066999987699
81000.0 29.961891699989792 44.89881260000402 8.007790700008627 10.238157899992075
82000.0 25.923211899993476 31.914543900056742 6.969453500001691 7.5425673999707215
83000.0 30.826376499957405 33.71202949999133 7.615523600019515 7.764219300006516
84000.0 28.83091969997622 36.45758400001796 7.243287099990994 8.41972629999509
85000.0 28.508756499970332 35.502523400005884 7.022421500005294 7.996362600009888
86000.0 25.928969600005075 36.71497949998593 7.003374299965799 8.702412199985702
87000.0 34.164739400031976 38.88946610002313 10.775803299969994 8.89591860002838
88000.0 35.09685669996543 38.32681189995492 8.503561299992725 8.208604699990246
89000.0 36.155844299995806 38.68133709998801 9.49313139996957 8.890993800014257
90000.0 37.16279689996736 50.62074499996379 10.00455819995841 9.87825879995944
91000.0 30.551212600024883 38.739474900008645 8.817527700040955 8.96749730000738
92000.0 34.01191820000531 48.33456659998046 10.96866209997097 11.173520100011956
93000.0 27.308351299958304 58.00703119998798 6.955311700003222 12.030320200021379
94000.0 32.14652869995916 44.192510599968955 8.254599300038535 10.285939599969424
95000.0 34.504044400004204 43.773767600010615 9.943505999981426 10.936378099955618
96000.0 33.58298539998941 49.97875219996786 7.258475599985104 12.357178600039333
97000.0 48.15312939998694 43.23307640000712 11.42155410000123 10.17910569999367
98000.0 30.774149400007445 40.10233150003478 7.792414200026542 9.009670200000983
99000.0 29.725531000003684 40.13389579998329 9.062275399977807 9.633260999980848
