0.002 4.0 1.1645228576647138 0.7846262500767416
0.004 4.0 1.2582277327856302 1.445612633863301
0.005999999999999999 4.0 3.0054733520369767 1.412402968578657
0.008 4.0 2.0216323407488677 2.280638180087377
0.01 4.0 3.383086601329585 1.762092654317823
0.011999999999999999 4.0 3.53372732913311 3.1556056631198626
0.014 4.0 2.9797501992873046 3.3552247647040576
0.016 4.0 8.89103995603106 0.9547791825936949
0.018 4.0 1.789978776325187 3.5334001869758738
0.02 4.0 3.623236188127283 2.045386698261658
0.022000000000000002 4.0 1.9607583624703544 1.6934049100278106
0.023999999999999997 4.0 2.7202415113079685 3.5389956810938394
0.026 4.0 3.6180996920068553 3.554371798352362
0.028 4.0 2.4798834018291127 1.511367104537593
0.03 4.0 3.736581189997246 3.381276459643393
0.032 4.0 3.4332551017812234 3.0867773878674747
0.033999999999999996 4.0 3.1433271611627838 2.2702189835008943
0.036 4.0 3.988980938147025 6.369273053680541
0.038 4.0 3.5135308529184464 2.8105323828134847
0.04 4.0 3.204229437668717 3.120958691814997
0.041999999999999996 4.0 2.8300062471142144 3.040940078659834
0.044000000000000004 4.0 4.284923787890618 1.252561455167981
0.046 4.0 3.0741151586050304 3.6407811377674073
0.047999999999999994 4.0 2.2805355080911025 7.163349194463774
0.05 4.0 3.8378677757127213 2.815123436930901
0.052 4.0 3.0978176245692715 4.128307410438412
0.054000000000000006 4.0 2.520195345455177 3.9451653378167952
0.056 4.0 3.6520231316709286 3.5661468507738854
0.057999999999999996 4.0 3.760057282596783 3.5012723276031466
0.06 4.0 3.367108808697632 2.1664632398976806
0.062 4.0 2.31256968736232 3.174268007916609
0.064 4.0 2.9562411398695114 3.2243310100220155
0.066 4.0 3.4811141751482553 1.784065406696941
0.06799999999999999 4.0 1.7420939546241918 3.2237119646877486
0.07 4.0 3.6184866573699384 4.665543839809025
0.072 4.0 3.6604742669107444 3.2054481408535667
0.07400000000000001 4.0 3.198541851838963 2.8988247094838284
0.076 4.0 2.6000846067466283 2.4703824835281614
0.078 4.0 2.8739485769593305 3.816781789535288
0.08 4.0 3.266993757049273 3.697432703836482
0.082 4.0 2.6319405199692065 2.654150482369085
0.08399999999999999 4.0 2.3965374000871056 3.1149429201931764
0.086 4.0 3.3035690724846494 4.471642966558319
0.08800000000000001 4.0 2.3674734292440642 2.3321248397929946
0.09 4.0 3.5104022080489403 3.4860431670572196
0.092 4.0 7.7036507030085675 1.8530983182614622
0.094 4.0 3.249448230622027 4.76432807465746
0.09599999999999999 4.0 2.711797233587842 3.569177133468362
0.098 4.0 3.0120296016230994 4.034353400537857
0.1 4.0 3.2455192573947675 3.586349097960628
0.125 4.0 2.231881277779939 3.718273302163978
0.15 4.0 4.01977866395374 4.091644896514632
0.17500000000000002 4.0 3.812122536130279 3.197610795931797
0.2 4.0 3.0340259682392903 3.4423035878222095
0.22499999999999998 4.0 3.100933076144886 4.198155652967152
0.25 4.0 6.629039662540009 5.1424549853712875
0.275 4.0 2.63432651805016 4.121145648558084
0.3 4.0 3.592486321533475 2.6786803770886847
0.325 4.0 2.3919300102418757 4.039015579558781
0.35000000000000003 4.0 3.080194318195439 5.925283748288941
0.375 4.0 2.934325113282275 4.8213117340193
0.4 4.0 3.249382456626737 2.9349532244679533
0.42500000000000004 4.0 3.9274962981523243 3.7742843533532113
0.44999999999999996 4.0 3.4461293711339676 2.538483804363154
0.475 4.0 3.076217558265286 3.7280550059969846
0.5 4.0 5.213256937448735 3.863715583975195
0.525 4.0 2.8401916857919884 4.27924485666131
0.55 4.0 3.836211728694416 3.8901684485510946
0.5750000000000001 4.0 3.1583949566272675 4.357727869707041
0.6 4.0 4.0299464798689435 3.5961122700346992
0.625 4.0 3.9779971405777643 4.082029642977551
0.65 4.0 3.841070202366285 4.4133788846666535
0.675 4.0 2.8956384547680787 4.331137457007058
0.7000000000000001 4.0 3.447624302742056 4.5388931145292455
0.725 4.0 3.6362593617354753 4.89866517800911
0.75 4.0 4.065800803855661 4.823501292207312
0.775 4.0 3.712703955418592 4.381257164594537
0.8 4.0 5.165137713237943 5.331541447638907
0.8250000000000001 4.0 3.499426289136509 4.226986406050671
0.8500000000000001 4.0 3.4190721791107093 4.245926390834638
0.875 4.0 3.6736032133427265 4.513013389495466
0.8999999999999999 4.0 4.1757976335900855 4.309443629852255
0.925 4.0 3.9795905908902247 4.407154068405476
0.95 4.0 3.364417399051145 4.515052360556419
0.9750000000000001 4.0 3.996226140505181 4.45427056979047
1.0 4.0 4.206970325635519 4.495701933084897
1.1 4.0 3.5706382293794876 4.310862299504036
1.2 4.0 3.6078252321952515 4.476670201327752
1.3 4.0 4.026049624271317 3.582526934680644
1.4000000000000001 4.0 3.958582182393612 4.468782433972454
1.5 4.0 4.046014736177194 4.281973820952833
1.6 4.0 3.6569740226809633 4.3995293547395145
1.7000000000000002 4.0 4.014155945399351 3.752695216149109
1.7999999999999998 4.0 4.024807466284589 4.480938446486627
1.9 4.0 3.8572227660458314 4.199514214892421
2.0 4.0 3.9662050968187077 4.34903374255589
2.1 4.0 4.105868824585475 4.5700283537716775
2.2 4.0 4.320771067443592 4.42256800066675
2.3000000000000003 4.0 3.904151984243477 4.2414627214682135
2.4 4.0 4.091542391528873 4.502181581318463
2.5 4.0 3.9899028548949964 4.291677589461123
2.6 4.0 4.2383223004267085 4.881945265050056
2.7 4.0 3.543491911578756 4.502617089899056
2.8000000000000003 4.0 3.54766464781179 4.203266273176478
2.9 4.0 3.819026816591026 4.3217431140620715
3.0 4.0 3.690937440503718 4.012206994925794
3.1 4.0 3.9337039227797934 3.8398229210250086
3.2 4.0 4.148859805252792 4.135960077743828
3.3000000000000003 4.0 3.960259067651315 4.259917014760795
3.4000000000000004 4.0 3.848317798151169 4.456106029690253
3.5 4.0 4.097040201306371 4.452468176328966
3.5999999999999996 4.0 3.9273974334592467 4.183468882999176
3.7 4.0 3.878618585505012 4.3926418036273285
3.8 4.0 3.68751376317749 4.328799714152789
3.9000000000000004 4.0 4.298820631457073 4.104528401367379
4.0 4.0 3.8180343480709897 4.298541144206559
4.1 4.0 3.6813363234338805 3.846263615551979
4.2 4.0 4.0351858502485065 4.3563753676218395
4.3 4.0 3.5569369873725023 4.257500459003631
4.4 4.0 3.574707260650697 4.235863636536394
4.5 4.0 3.927920140200278 4.4154555930302815
4.6000000000000005 4.0 3.92720891297061 4.600410307375864
4.699999999999999 4.0 4.059744747036123 3.619400103126311
4.8 4.0 3.3799638243831964 4.289771901105157
4.9 4.0 3.8145877761061477 4.051605747715152
5.0 4.0 4.012454182688291 4.510163623800216
5.1 4.0 3.270692213136099 4.4093965496795064
5.2 4.0 3.999301253244619 4.083555485098795
5.300000000000001 4.0 4.032809455437355 4.428598286175158
5.4 4.0 3.964781235808772 4.18124796266864
5.5 4.0 3.5294881237660785 4.143430400993939
5.6000000000000005 4.0 3.4886245957219764 4.185747489858791
5.699999999999999 4.0 4.107060590685121 4.302382425535423
5.8 4.0 3.1358776956396612 4.204154698716949
5.8999999999999995 4.0 4.408196201924307 4.3804726230702355
6.0 4.0 4.794870834499914 4.344870596303442
6.1 4.0 3.8546980395341572 3.8436851804863883
6.2 4.0 3.9739057125283006 4.194862547964056
6.3 4.0 2.7347069456325643 4.125195066929097
6.4 4.0 4.016516098552809 4.602812612302796
6.5 4.0 4.011546176327643 4.032866725134695
6.6000000000000005 4.0 4.0264312190543246 4.280435607340831
6.7 4.0 3.3440067529444293 4.36424545266156
6.800000000000001 4.0 3.8308522844835844 4.2288013000211935
6.8999999999999995 4.0 4.118694749674146 4.2858978578383295
7.0 4.0 3.8046656895773237 4.08701559074382
7.1 4.0 3.507492931376382 4.386495815831812
7.199999999999999 4.0 4.266095954185542 4.004462834465648
7.3 4.0 3.983080147409454 4.1867137025098735
7.4 4.0 4.234831533043102 4.177839122561354
7.5 4.0 2.6855463489599862 4.779567229196301
7.6 4.0 4.206350768065298 4.338734964952756
7.7 4.0 2.825211140080749 4.33201293908687
7.800000000000001 4.0 3.9661419723829963 3.9160373503982107
7.9 4.0 3.4593621230158904 4.366945424636212
8.0 4.0 3.2694583233846872 4.180757564768255
8.100000000000001 4.0 3.7415927591560947 4.385438575824151
8.2 4.0 3.719547293053492 4.231257370027695
8.299999999999999 4.0 4.047834150218957 4.341972862611318
8.4 4.0 3.980364067028638 4.330020086287035
8.5 4.0 4.059676067571399 4.439834106567651
8.6 4.0 3.7023538210904565 4.218942823697349
8.7 4.0 3.170505107505731 4.371607683089531
8.8 4.0 4.127312717789834 4.669101912046083
8.9 4.0 3.8086320284275956 4.350620186005076
9.0 4.0 3.7145865071904773 5.124460294578599
9.1 4.0 3.4648275162076305 4.319987350314202
9.200000000000001 4.0 3.1008265082844813 4.325813724533305
9.3 4.0 3.9262584450306743 4.821736265996053
9.399999999999999 4.0 3.8943778530605466 4.296399971092609
9.5 4.0 3.4700079026521085 4.002583597597843
9.6 4.0 4.626727049968775 4.044511600715132
9.7 4.0 4.215987507337705 4.247237200811659
9.8 4.0 3.949244561448315 4.451032125463416
9.9 4.0 3.280139886289097 4.166179635334606
10.0 4.0 3.380139886289097 4.066179635334606
