0.002 0.024312200024724007 0.018015999987255782 0.024486500013154 0.017995999951381236
0.004 0.04762760002631694 0.036195199994836 0.049093600013293326 0.03598659997805953
0.005999999999999999 0.07130990002769977 0.05369889998110011 0.07472739997319877 0.05410629999823868
0.008 0.09530490002362058 0.07137839996721596 0.09960339998360723 0.07246729999314994
0.01 0.11858670000219718 0.0890408999985084 0.1256011999794282 0.09123199997702613
0.011999999999999999 0.14284939999924973 0.10644800000591204 0.1514218000229448 0.11016399995423853
0.014 0.16634029999841005 0.12420379999093711 0.17779899999732152 0.12947089999215677
0.016 0.19065050000790507 0.141908899997361 0.2045030000153929 0.14935269998386502
0.018 0.2149290000088513 0.15939849999267608 0.23167090001516044 0.1695227999589406
0.02 0.23886390001280233 0.17703169997548684 0.26032220001798123 0.18979199999012053
0.022000000000000002 0.26297619997058064 0.19474539998918772 0.2883117999881506 0.21038349997252226
0.023999999999999997 0.28627480001887307 0.21224239998264238 0.3170071999775246 0.2309687999659218
0.026 0.3103607000084594 0.2296271999948658 0.3455375999910757 0.25218630000017583
0.028 0.33362059999490157 0.2468714999849908 0.37599029997363687 0.27355089999036863
0.03 0.3567330000223592 0.2640270999982022 0.4078417000127956 0.2950820999685675
0.032 0.38010020001092926 0.2813359999563545 0.43871560000116006 0.3169287999626249
0.033999999999999996 0.4041571000125259 0.29872570000588894 0.47054260002914816 0.33914629998616874
0.036 0.4271962000057101 0.3165403999737464 0.5012400000123307 0.3616401999606751
0.038 0.4508058999781497 0.33389599999645725 0.5332487000268884 0.38444860000163317
0.04 0.474104700027965 0.3511570999980904 0.5645541999838315 0.40746539999963716
0.041999999999999996 0.49735570000484586 0.36864239996066317 0.5966144999838434 0.43185100000118837
0.044000000000000004 0.5207422000239603 0.3862578999833204 0.6289968999917619 0.45561959996121004
0.046 0.5445531000150368 0.4036758999573067 0.6617549000075087 0.4793235999532044
0.047999999999999994 0.567762800026685 0.4219268999877386 0.6945717000053264 0.5034540999913588
0.05 0.5917534999898635 0.43955829995684326 0.7293650999781676 0.5284553999663331
0.052 0.6150921999942511 0.4568120999610983 0.7631658000173047 0.5530113999848254
0.054000000000000006 0.6394144999794662 0.47423980000894517 0.798780600016471 0.5778275999473408
0.056 0.6634610000182875 0.501975399965886 0.8342853999929503 0.6031531000044197
0.057999999999999996 0.6873996999929659 0.5194789999513887 0.869503199995961 0.628615900001023
0.06 0.7226826000260189 0.5370124999899417 0.9062884000013582 0.6647202000021935
0.062 0.7461664999718778 0.5542003999580629 0.9523259000270627 0.6907111000036821
0.064 0.7698298000032082 0.5716424999991432 0.9883476999821141 0.7168594999820925
0.066 0.7930435999878682 0.5890697999857366 1.02505990001373 0.7437331999535672
0.06799999999999999 0.8166796999867074 0.6063435999676585 1.062035900016781 0.7706919999909587
0.07 0.8406531999935396 0.6236886999686249 1.1007770000142045 0.8056869999854825
0.072 0.8646502000046894 0.6410639999667183 1.1388042999897152 0.83459959999891
0.07400000000000001 0.8880055000190623 0.6587194000021555 1.1768963999929838 0.8626371999853291
0.076 0.9115332000073977 0.6760863999952562 1.2154371999786235 0.8905696999863721
0.078 0.9347117000143044 0.6936751999892294 1.2542737000039779 0.9189468999975361
0.08 0.9582544000004418 0.7111917999573052 1.2947704999824055 0.9480864999932237
0.082 0.9814139999798499 0.7287221999722533 1.3346225999994203 0.9769085999578238
0.08399999999999999 1.0052213000017218 0.7464145999983884 1.3749310999992304 1.0059583999682218
0.086 1.0284696000162512 0.7639799999888055 1.416944800002966 1.035548599960748
0.08800000000000001 1.0522391999838874 0.7816719999536872 1.4597717000287957 1.0652235999586992
0.09 1.0755463999812491 0.7991746999905445 1.503254699986428 1.0951877000043169
0.092 1.0995421999832615 0.8166417999891564 1.5451357000274584 1.1253838999546133
0.094 1.123220500012394 0.8341072999755852 1.587411799991969 1.156355299986899
0.09599999999999999 1.1474699000245892 0.8516346999676898 1.6311538000009023 1.1872719999519177
0.098 1.1710747000179254 0.8692600000067614 1.674452500010375 1.2185020999750122
0.1 1.1955408999929205 0.8870212999754585 1.7179280000273138 1.250140099960845
0.125 1.4815191000234336 1.1004083000007086 2.2879445999860764 1.660871199972462
0.15 1.77150640002219 1.3138629999593832 2.9257306000217795 2.115988000005018
0.17500000000000002 2.057389500027057 1.5271547999582253 3.6179470000206493 2.6140189999714494
0.2 2.343842800008133 1.7442835999536328 4.382564399973489 3.1630553999566473
0.22499999999999998 2.6308439999702387 1.9578299999702722 5.198694100021385 3.750151799991727
0.25 2.91786129999673 2.1710083999787457 6.0845495000248775 4.3961444000015035
0.275 3.207038900000043 2.3856960999546573 7.026173299993388 5.089536499988753
0.3 3.4925352000282146 2.5991868999553844 8.028369100007694 5.820296599995345
0.325 3.778712200000882 2.8229582000058144 9.09296949999407 6.599048100004438
0.35000000000000003 4.066750800004229 3.052920299989637 10.21700200001942 7.402828899968881
0.375 4.35200040001655 3.2665559999877587 11.4032850000076 8.246332899958361
0.4 4.638205499970354 3.4851450999849476 12.65099100000225 9.140404399950057
0.42500000000000004 4.92631710000569 3.700814099982381 13.961269000021275 10.080686000001151
0.44999999999999996 5.2134037999785505 3.914135599974543 15.334421999985352 11.059337899961974
0.475 5.499350400001276 4.128133099991828 16.768667500000447 12.076600099971984
0.5 5.78628459997708 4.346073099994101 18.27390500000911 13.140841899963561
0.525 6.073902499978431 4.559889899974223 19.841724800004158 14.25625699997181
0.55 6.359576900023967 4.773069599992596 21.46356260002358 15.406762600003276
0.5750000000000001 6.645858699979726 4.987464200006798 23.142226200026926 16.612784199998714
0.6 6.932278699998278 5.200707499985583 24.889578600006644 17.86027419997845
0.625 7.218319299980067 5.415140800003428 26.694334400002845 19.14064919995144
0.65 7.504837299988139 5.629025199974421 28.567275999987032 20.530284599983133
0.675 7.790965399995912 5.842561399971601 30.502225400006864 21.926024099986535
0.7000000000000001 8.076959399972111 6.056140400003642 32.48694279999472 23.383889899996575
0.725 8.363415999978315 6.278489499993157 34.53308040002594 24.85261449997779
0.75 8.649171700002626 6.501754799974151 36.64748809998855 26.3496623999672
0.775 8.935696200001985 6.752815199957695 38.828554500010796 27.89513049996458
0.8 9.222230500017758 7.005645299970638 41.06063289998565 29.48053709999658
0.8250000000000001 9.515804899972863 7.238607399980538 43.35406990000047 31.113322799967136
0.8500000000000001 9.802052000013646 7.460055899980944 45.711825800011866 32.77889029996004
0.875 10.089587699971162 7.673913899983745 48.1323499000282 34.49652429996058
0.8999999999999999 10.381608200026676 7.888873499992769 50.61422310001217 36.252323499997146
0.925 10.667131899972446 8.109088599972893 53.1529515000293 38.09837319998769
0.95 10.961244800011627 8.330031199962832 55.76161669997964 40.0239608999691
0.9750000000000001 11.246921900019515 8.543989899975713 58.42510100000072 41.940214000002015
1.0 11.532959199976176 8.758142599952407 61.145616699999664 43.889534599962644
1.1 12.711107500013895 9.629279999993742 72.67587520001689 52.1641801999649
1.2 13.904271900013555 10.490490399999544 85.17266199999722 61.05252799997106
1.3 15.083864699990954 11.35512269998435 98.65966900001513 70.64079739997396
1.4000000000000001 16.251361200003885 12.22319069999503 113.12406130001182 80.99740279995603
1.5 17.397308600018732 13.08444879995659 128.55610009998782 91.98716849996708
1.6 18.540516300010495 13.94156149995979 144.9357183999964 103.70064579998143
1.7000000000000002 19.691913600021508 14.833198999986053 162.35919550003018 116.18102969997562
1.7999999999999998 20.84797920001438 15.694158500002231 180.74577229999704 129.2536275999737
1.9 21.99261060002027 16.54869059997145 200.08956749999197 143.11633039999288
2.0 23.13699710002402 17.40209569997387 220.42816970002605 157.53695320000406
2.1 24.283024600008503 18.266501599980984 241.8005721999798 172.65402089996496
2.2 25.426605399989057 19.128005300008226 264.2443052000017 188.42036940000253
2.3000000000000003 26.57066109997686 19.983768499980215 287.5238563999883 204.84987969999202
2.4 27.712638299970422 20.837626299995463 311.8056208000053 222.0197006999515
2.5 28.872477199998684 21.695815499988385 337.0416385999997 239.91573319997406
2.6 30.032722799980547 22.55541119998088 363.2638781000278 258.4379871999845
2.7 31.205963200016413 23.41777479997836 390.4963401000132 277.63873949996196
2.8000000000000003 32.37089909997303 24.290494399960153 418.6925280999858 297.51680439995835
2.9 33.528342799982056 25.147824799991213 447.89106880000327 318.1383685999899
3.0 34.66921179997735 26.01453179999953 478.0461511000176 339.4711920999689
3.1 35.84456080000382 26.886546899972018 509.2384148000274 361.510978199949
3.2 36.997076399973594 27.753030799969565 541.2895410999772 384.2365446999902
3.3000000000000003 38.14183340000454 28.646786400000565 574.4058224000037 407.71998659998644
3.4000000000000004 39.2873724999954 29.513831199961714 608.4180872000288 431.863538399979
3.5 40.431909499980975 30.404310899961274 643.4813190000132 456.6811311999918
3.5999999999999996 41.60119409998879 31.33919169998262 679.5052723999834 482.14041189994896
3.7 42.74686880002264 32.19861839996884 716.4945724999998 508.4661098999786
3.8 43.907019999984186 33.05353949998971 754.4372011999949 535.3113789999625
3.9000000000000004 45.04928610002389 33.90728459996171 793.3809223999851 562.8852770999656
4.0 46.192253999994136 34.767629999958444 833.3347850000137 591.1067577999784
4.1 47.35509889997775 35.62976300000446 874.2538333000266 620.0622393999947
4.2 48.53239730000496 36.489151899993885 916.1196540999808 649.6596732999897
4.3 49.691438400011975 37.3595975000062 959.0011511999764 679.9922093999921
4.4 50.856361599988304 38.21303839999018 1002.8478385999915 711.0270897999872
4.5 52.01676430000225 39.065696400008164 1047.7206273999764 742.6674759999732
4.6000000000000005 53.157720000017434 39.93002809997415 1093.5200762000168 775.0006522999611
4.699999999999999 54.31862450001063 40.788506599958055 1140.2890597999794 807.9985567999538
4.8 55.47032650001347 41.650642499967944 1187.9996098999982 841.7886999999755
4.9 56.623515699990094 42.50860760000069 1236.757806300011 876.1409632999566
5.0 57.7733868000214 43.37868039996829 1286.4792627000134 911.2604593999567
5.1 58.93029950000346 44.242109499988146 1337.2114109999966 947.0749186999747
5.2 60.09292480000295 45.129836399981286 1388.9165638000122 983.5108598999796
5.300000000000001 61.24158019997412 46.01156650000485 1441.9926643000217 1020.7104022999993
5.4 62.388175199972466 46.87574639997911 1495.7032624999993 1058.5223002999555
5.5 63.54247420001775 47.76038160000462 1550.4930087000248 1096.993724400003
5.6000000000000005 64.68934609997086 48.62254289997509 1606.1646407999797 1136.2436378999846
5.699999999999999 65.85620649997145 49.47847119998187 1662.8577699000016 1176.3741650999873
5.8 67.0253613999812 50.33040410000831 1720.5858098000172 1217.2555988999666
5.8999999999999995 68.19332590000704 51.190795700007584 1779.2283615000197 1258.5057626999915
6.0 69.34445380000398 52.046832699968945 1838.7839225999778 1300.498611399962
6.1 70.51553580001928 52.922876800002996 1899.3867678000242 1343.0390339999576
6.2 71.6633153000148 53.79366339999251 1960.9724262999953 1386.3476080999826
6.3 72.8057324999827 54.65965099999448 2023.596798499988 1430.3600818999694
6.4 73.9491555999848 55.51472769997781 2087.1072049000068 1475.2498478999478
6.5 75.10630500002299 56.37972839997383 2151.751918599999 1520.5990993999876
6.6000000000000005 76.2554661000031 57.2328277999768 2217.34310420003 1566.7185404999764
6.7 77.41295510000782 58.08588400000008 2283.8578102000174 1613.4133534999564
6.800000000000001 78.55855279997922 58.94365779997315 2351.3762078 1660.9083270999836
6.8999999999999995 79.7082188000204 59.79616470000474 2419.885370299977 1709.01709379995
7.0 80.85893520002719 60.651837999990676 2489.3115588999935 1757.896171899978
7.1 82.00554949999787 61.510022400005255 2559.8156975000165 1807.3488784999936
7.199999999999999 83.1643418999738 62.36259400000563 2631.0928872000077 1857.7136031999835
7.3 84.33313470002031 63.21820399997523 2703.59714670002 1908.7021187999635
7.4 85.50934729998698 64.0731489000027 2776.8961763000116 1960.364440299978
7.5 86.66801010002382 64.93272679997608 2851.1160917999805 2012.5999071999686
7.6 87.85265229997458 65.78507429995807 2926.364666600013 2065.640196799999
7.7 89.00183419999667 66.63985519995913 3002.6478763999767 2119.272029899992
7.800000000000001 90.1521817999892 67.50174139998853 3079.816759700014 2173.686509299965
7.9 91.31644949998008 68.37244680000003 3158.127373300027 2228.685805499961
8.0 92.47177910001483 69.24525400000857 3237.174311199982 2284.537305499951
8.100000000000001 93.62107440002728 70.1402536999667 3317.2890815000283 2340.9196801999933
8.2 94.77004109998234 71.00338219996775 3398.4709348999895 2398.0566737999907
8.299999999999999 95.92046270001447 71.86116029997356 3480.6491249999963 2455.8563191999565
8.4 97.06900479999604 72.71702579996781 3563.7484159999876 2514.320658599958
8.5 98.21855739998864 73.59133029996883 3647.927460899984 2573.077349099971
8.6 99.37850340001751 74.46640469995327 3733.0766231000307 2632.513788099983
8.7 100.52472559997113 75.31931489997078 3819.2635258000228 2692.523444499995
8.8 101.69226129999151 76.1941983999568 3906.468119200028 2753.248479999951
8.9 102.85767990001477 77.0471362999524 3994.6087087999913 2814.7045584999723
9.0 104.03645600000164 77.90042669995455 4083.5691882999963 2876.8525738999597
9.1 105.1830318000284 78.75345159997232 4173.515981099976 2939.5937804999994
9.200000000000001 106.33422530000098 79.60734439996304 4264.503014700022 3003.1188799999654
9.3 107.49025420000544 80.4762928999844 4356.459414799989 3067.2276320999954
9.399999999999999 108.62978929997189 81.35256569995545 4449.362646100053 3132.022863099992
9.5 109.77646750002168 82.20995160000166 4543.33457440004 3197.4090564999497
9.6 110.92947219999041 83.07474999997066 4638.1597588 3263.631424399966
9.7 112.08202259999234 83.92632319999393 4734.178078600031 3330.478831399989
9.8 113.23434600001201 84.78680989996064 4831.083759700006 3398.0761062999954
9.9 114.37964609998744 85.64781569998013 4928.8231975000235 3466.177268899977
10.0 115.57964609998744 86.54781569998013 5024.8231975000235 3519.177268899977
