20.0 0.024486500013154 0.012936400016769767 0.008635699981823564 0.011533899931237102
40.0 0.049093600013293326 0.037045500008389354 0.016824500053189695 0.020461099920794368
60.0 0.07472739997319877 0.04967609990853816 0.026190600008703768 0.027238799957558513
80.0 0.09960339998360723 0.06335359998047352 0.03517200006172061 0.03453179995995015
100.0 0.1256011999794282 0.0759109000209719 0.04734489996917546 0.041818899917416275
120.0 0.1514218000229448 0.08875210001133382 0.056572900037281215 0.04926429991610348
140.0 0.17779899999732152 0.10191959992516786 0.06560390000231564 0.0566413999767974
160.0 0.2045030000153929 0.11668079998344183 0.07943649997469038 0.06558469997253269
180.0 0.23167090001516044 0.13216859998647124 0.0892063999781385 0.07320569991134107
200.0 0.26032220001798123 0.14709929993841797 0.0983970999950543 0.08101829991210252
220.0 0.2883117999881506 0.16331809991970658 0.10777350002899766 0.08919169998262078
240.0 0.3170071999775246 0.1772373999701813 0.11847610003314912 0.09736219991464168
260.0 0.3455375999910757 0.19254710001405329 0.135067000053823 0.1056686999509111
280.0 0.37599029997363687 0.20762769994325936 0.15344180003739893 0.1160826999694109
300.0 0.4078417000127956 0.22617209993768483 0.16311149997636676 0.12738710001576692
320.0 0.43871560000116006 0.24648199998773634 0.17304410005453974 0.13590769993606955
340.0 0.47054260002914816 0.26268269994761795 0.1835617000469938 0.1462441999465227
360.0 0.5012400000123307 0.277311599929817 0.19349079998210073 0.15507759992033243
380.0 0.5332487000268884 0.29592339997179806 0.20358139998279512 0.1642240999499336
400.0 0.5645541999838315 0.31746940000448376 0.21376110007986426 0.17707679991144687
420.0 0.5966144999838434 0.337625699932687 0.224178500007838 0.19053419993724674
440.0 0.6289968999917619 0.3621280000079423 0.23446190007962286 0.20445700001437217
460.0 0.6617549000075087 0.37720669992268085 0.24489019997417927 0.21421699994243681
480.0 0.6945717000053264 0.40134119999129325 0.2555007999762893 0.22503139998298138
500.0 0.7293650999781676 0.4250556000042707 0.26627130003180355 0.23502299992833287
520.0 0.7631658000173047 0.4392196999397129 0.2788851000368595 0.24478369997814298
540.0 0.798780600016471 0.4534183000214398 0.29107380006462336 0.25480230001267046
560.0 0.8342853999929503 0.46994819992687553 0.3025624000001699 0.26687039993703365
580.0 0.869503199995961 0.49042950000148267 0.3228190999943763 0.28611879993695766
600.0 0.9062884000013582 0.507178399944678 0.3342545999912545 0.2978093000128865
620.0 0.9523259000270627 0.5240598999662325 0.3504685000516474 0.3102692000102252
640.0 0.9883476999821141 0.5441608999390155 0.3653899000491947 0.3217101999325678
660.0 1.02505990001373 0.5636029000161216 0.3784726000158116 0.33243029995355755
680.0 1.062035900016781 0.5790549999801442 0.39051549998112023 0.34516449994407594
700.0 1.1007770000142045 0.5970724999206141 0.4058639999711886 0.35644060000777245
720.0 1.1388042999897152 0.6175254000118002 0.4179285999853164 0.3698459999868646
740.0 1.1768963999929838 0.635253099957481 0.43011429999023676 0.383610500022769
760.0 1.2154371999786235 0.6542091999435797 0.4432226000353694 0.4003580999560654
780.0 1.2542737000039779 0.6733926999149844 0.455685600056313 0.41376459994353354
800.0 1.2947704999824055 0.6922215999802575 0.46810689999256283 0.42541639995761216
820.0 1.3346225999994203 0.7081928999396041 0.4806453000055626 0.439973899978213
840.0 1.3749310999992304 0.727695900015533 0.4962609000504017 0.45630600000731647
860.0 1.416944800002966 0.7436516999732703 0.5089515000581741 0.4683493999764323
880.0 1.4597717000287957 0.7591778999194503 0.5220437999814749 0.48077169992029667
900.0 1.503254699986428 0.785514899995178 0.5358143000630662 0.49316880002152175
920.0 1.5451357000274584 0.8093967000022531 0.5526939000701532 0.5118246999336407
940.0 1.587411799991969 0.8287678000051528 0.5658468999899924 0.5269646999659017
960.0 1.6311538000009023 0.8468839999986812 0.5873821000568569 0.5416083999443799
980.0 1.674452500010375 0.865085499943234 0.6021378000732511 0.5544386999681592
1000.0 1.7179280000273138 0.8830081999767572 0.6160933000501245 0.5673439999809489
1250.0 2.2879445999860764 1.1086414000019431 0.8078782000811771 0.7509715999476612
1500.0 2.9257306000217795 1.3502331000054255 1.0391209999797866 0.9795097999740392
1750.0 3.6179470000206493 1.663486799923703 1.2775216000154614 1.215556800016202
2000.0 4.382564399973489 1.9529431000119075 1.5303638000041246 1.4503683999646455
2250.0 5.198694100021385 2.2995223000179976 1.8048631000565365 1.740286499960348
2500.0 6.0845495000248775 2.6222162999911234 2.0956974000437185 2.0374032999388874
2750.0 7.026173299993388 2.998817599960603 2.3954241999890655 2.3551869000075385
3000.0 8.028369100007694 3.4423497999086976 2.7390632000751793 2.74440450000111
3250.0 9.09296949999407 3.85971220000647 3.092664199997671 3.0841050000162795
3500.0 10.21700200001942 4.276269999914803 3.448474899982102 3.44679949991405
3750.0 11.4032850000076 4.691861499915831 3.8312124999938533 3.841240599984303
4000.0 12.65099100000225 5.191053599934094 4.2114212000742555 4.258291199919768
4250.0 13.961269000021275 5.667760299984366 4.62319519999437 4.704730199999176
4500.0 15.334421999985352 6.222095399978571 5.07408900000155 5.176834199926816
4750.0 16.768667500000447 6.809949899907224 5.561378200072795 5.682113699964248
5000.0 18.27390500000911 7.376853099907748 6.0100376000627875 6.183251800015569
5250.0 19.841724800004158 7.988612000015564 6.538803200004622 6.69521229993552
5500.0 21.46356260002358 8.546707900008187 7.040082599967718 7.254569499986246
5750.0 23.142226200026926 9.109693999984302 7.547263500047848 7.840002699987963
6000.0 24.889578600006644 9.68133960000705 8.095244699972682 8.44492379995063
6250.0 26.694334400002845 10.31542419991456 8.680826500058174 9.058210999937728
6500.0 28.567275999987032 10.945553199970163 9.251515200012363 9.681491299998015
6750.0 30.502225400006864 11.602609999943525 9.819154900033027 10.336097799940035
7000.0 32.48694279999472 12.261637300020084 10.424244399997406 10.997108399984427
7250.0 34.53308040002594 12.917846399941482 11.061580099980347 11.757796099991538
7500.0 36.64748809998855 13.640425399993546 11.722046600072645 12.460689899977297
7750.0 38.828554500010796 14.328978499979712 12.386118900030851 13.214082299964502
8000.0 41.06063289998565 15.056804099935107 13.07032220007386 13.972956900019199
8250.0 43.35406990000047 15.80932529992424 13.80754289997276 14.762561499956064
8500.0 45.711825800011866 16.59215789998416 14.553185799974017 15.563547499943525
8750.0 48.1323499000282 17.337364499922842 15.284644900006242 16.376258799922653
9000.0 50.61422310001217 18.15951349993702 16.039533699979074 17.209772099973634
9250.0 53.1529515000293 18.991674199933186 16.81388929998502 18.079022599966265
9500.0 55.76161669997964 19.839722899952903 17.608295200043358 18.994297500001267
9750.0 58.42510100000072 20.702635399997234 18.409297100035474 19.90560329996515
10000.0 61.145616699999664 21.567027700017206 19.21486160007771 20.826988599961624
11000.0 72.67587520001689 25.212742600007914 22.6478550999891 24.733478399924934
12000.0 85.17266199999722 29.079005599953234 26.342482200008817 29.013011200004257
13000.0 98.65966900001513 33.24025759997312 30.30536870006472 33.78987119998783
14000.0 113.12406130001182 37.62775599991437 34.56924420001451 38.74922399991192
15000.0 128.55610009998782 42.35207869997248 39.08119940001052 44.08239519991912
16000.0 144.9357183999964 47.345017299987376 43.97446990001481 49.75635359995067
17000.0 162.35919550003018 52.61287049995735 49.03456200007349 55.74250099994242
18000.0 180.74577229999704 58.20290319994092 54.34553150006104 62.0867402999429
19000.0 200.08956749999197 64.16234929999337 60.10453570005484 68.9091603999259
20000.0 220.42816970002605 70.3999826000072 66.04861489997711 75.86626639997121
21000.0 241.8005721999798 76.8326503999997 72.22502110002097 83.31450169999152
22000.0 264.2443052000017 83.67788009997457 78.82293230004143 91.10855190001894
23000.0 287.5238563999883 90.8370926999487 85.64922600006685 99.19213039998431
24000.0 311.8056208000053 98.29672719992232 92.79457670007832 107.7136398999719
25000.0 337.0416385999997 106.18071949994192 100.31672820006497 116.40533380000852
26000.0 363.2638781000278 114.31981769995764 107.9587659999961 125.53065939992666
27000.0 390.4963401000132 122.78248309995979 116.02516439999454 134.94213450001553
28000.0 418.6925280999858 131.41950720001478 124.38832150003873 144.81810549995862
29000.0 447.89106880000327 140.43429429992102 133.12627830007114 154.88473980000708
30000.0 478.0461511000176 149.76443159999326 142.10823070001788 165.36356959992554
31000.0 509.2384148000274 159.61064229998738 151.4759592000628 176.22709619998932
32000.0 541.2895410999772 169.56390209996607 161.08152580005117 187.33011300000362
33000.0 574.4058224000037 179.7817482999526 171.05627960001584 198.68144559999928
34000.0 608.4180872000288 190.432323899935 181.20718839997426 210.55357869993895
35000.0 643.4813190000132 201.2619080999866 191.802280300064 222.83446159993764
36000.0 679.5052723999834 212.46509690000676 202.77203630004078 235.3359398000175
37000.0 716.4945724999998 223.91608559992164 213.9902773000067 248.18650930002332
38000.0 754.4372011999949 235.68083670001943 225.43555090005975 261.5263926999178
39000.0 793.3809223999851 247.81619939999655 237.21688439999707 275.1872963999631
40000.0 833.3347850000137 260.4369526000228 249.27187519997824 289.20467879995704
41000.0 874.2538333000266 273.30384369997773 261.5984211000614 303.553069400019
42000.0 916.1196540999808 286.51196519995574 274.33035980002023 318.16373169992585
43000.0 959.0011511999764 299.79747019999195 287.2610864000162 333.0265939999372
44000.0 1002.8478385999915 313.48260290001053 300.430033700075 348.3779065000126
45000.0 1047.7206273999764 327.43844419997185 314.17482130008284 364.03205269994214
46000.0 1093.5200762000168 341.76876469992567 328.10466170008294 380.10938109993003
47000.0 1140.2890597999794 356.55755429994315 342.43816010002047 396.49381269991864
48000.0 1187.9996098999982 371.6142830000026 356.9561509999912 413.1644757000031
49000.0 1236.757806300011 386.89400199998636 371.77830330003053 430.2697728999192
50000.0 1286.4792627000134 402.5064046999905 387.0123894000426 447.57171149994247
51000.0 1337.2114109999966 418.42336609994527 403.7018080999842 465.210482699913
52000.0 1388.9165638000122 434.6802839000011 419.52676330006216 483.15553499991074
53000.0 1441.9926643000217 451.27912419999484 435.48140000004787 501.6765477999579
54000.0 1495.7032624999993 468.06671809998807 451.76859740004875 520.3570976000046
55000.0 1550.4930087000248 485.2679470999865 468.3606880999869 539.4354557999177
56000.0 1606.1646407999797 502.7357590999454 485.3882926000515 559.1318166999845
57000.0 1662.8577699000016 520.386861099978 502.5973688000813 578.9013561999891
58000.0 1720.5858098000172 538.6796604999108 520.1663756000344 599.2566382000223
59000.0 1779.2283615000197 556.9550501999911 537.8876729999902 619.8129627999151
60000.0 1838.7839225999778 575.7601853999076 555.9513218000066 640.6082338999258
61000.0 1899.3867678000242 594.8506723999744 574.2096641000826 661.7503636999754
62000.0 1960.9724262999953 614.1757774999132 592.7736841000151 683.4646248000208
63000.0 2023.596798499988 633.7900214999681 611.9837023 705.4162724999478
64000.0 2087.1072049000068 653.7110250999685 631.2437257000711 727.48297979997
65000.0 2151.751918599999 673.8845223999815 650.8314422999974 750.2453071000054
66000.0 2217.34310420003 694.5773136999924 670.8252037999919 773.3530551999575
67000.0 2283.8578102000174 715.4108764999546 691.0609902000288 796.5556283999467
68000.0 2351.3762078 736.5647220999235 711.5591384000145 820.274122599978
69000.0 2419.885370299977 758.0570207999554 732.2900922000408 844.2378934000153
70000.0 2489.3115588999935 779.8132280999562 753.3556810000446 868.4869564999826
71000.0 2559.8156975000165 801.8244595999131 774.8582666000584 893.0512189000146
72000.0 2631.0928872000077 824.2707460999954 796.3552853000583 918.1022167999763
73000.0 2703.59714670002 846.844512599986 818.4195243000286 943.3556189999217
74000.0 2776.8961763000116 869.7809453000082 840.548154200078 969.0925656999461
75000.0 2851.1160917999805 893.2433573999442 862.9915388000663 995.2202902999707
76000.0 2926.364666600013 916.8819124000147 885.8146280000219 1021.5482382000191
77000.0 3002.6478763999767 941.1837744999211 908.9690189000685 1048.3528343000216
78000.0 3079.816759700014 965.3999530000146 932.3663025000133 1075.360895199934
79000.0 3158.127373300027 989.9276749999262 956.0879196000751 1102.8270938999485
80000.0 3237.174311199982 1014.795331500005 980.2219053000445 1130.7759140999988
81000.0 3317.2890815000283 1040.0057156999828 1004.446458099992 1159.0358834000072
82000.0 3398.4709348999895 1065.3946321000112 1028.9187247999944 1187.6601891999599
83000.0 3480.6491249999963 1090.9434794000117 1053.643885300029 1216.4598713999148
84000.0 3563.7484159999876 1116.6829090999672 1078.6645487999776 1245.5870981999906
85000.0 3647.927460899984 1142.8421747999964 1104.2449170000618 1274.8529522999888
86000.0 3733.0766231000307 1169.5281918999972 1129.9725478000473 1304.7434810999548
87000.0 3819.2635258000228 1196.5705491999397 1156.1224741999758 1334.9681162999477
88000.0 3906.468119200028 1223.5402608999284 1182.3458600000013 1365.4016558999429
89000.0 3994.6087087999913 1250.8552517999196 1208.8851753000636 1396.2505827000132
90000.0 4083.5691882999963 1278.7701541999122 1235.8319853000576 1427.6657092999667
91000.0 4173.515981099976 1307.0146950000199 1263.0235867999727 1459.1171119000064
92000.0 4264.503014700022 1335.0349169999827 1290.497294300003 1490.832156199962
93000.0 4356.459414799989 1363.6375126999337 1318.2992417999776 1523.0051985000027
94000.0 4449.362646100053 1392.5658885999583 1346.3980026000645 1555.3659399999306
95000.0 4543.33457440004 1421.8505915999413 1374.6842792000389 1588.0581954999361
96000.0 4638.1597588 1451.471713499981 1403.5852075000294 1621.1844205999514
97000.0 4734.178078600031 1481.2255829999922 1432.950472000055 1655.0203782999888
98000.0 4831.083759700006 1511.0533799999394 1462.3300043999916 1688.8894275999628
99000.0 4928.8231975000235 1541.4613578999415 1491.7820808000397 1723.1824352999683
