20.0 4.0 2.8354968404058996 2.1230026408359546
40.0 4.0 2.9179826953601427 2.3993627030480456
60.0 4.0 2.853214510105345 2.743417481299965
80.0 4.0 2.8318946835215786 2.88439641429427
100.0 4.0 2.652898201521232 3.003455380879572
120.0 4.0 2.6765783603661597 3.0736618663172792
140.0 4.0 2.710189485549574 3.1390290506617977
160.0 4.0 2.5744210794855076 3.118151033717317
180.0 4.0 2.5970210665595204 3.1646565813281686
200.0 4.0 2.6456287840908495 3.2131283956884693
220.0 4.0 2.675164116508948 3.2324958493259897
240.0 4.0 2.675705900927084 3.2559576535395425
260.0 4.0 2.5582681176999715 3.2700090012614598
280.0 4.0 2.450377275827026 3.238986516274299
300.0 4.0 2.5003859327630966 3.2015934106539543
320.0 4.0 2.5352820458073198 3.2280407968608853
340.0 4.0 2.563402931595666 3.2175129010327383
360.0 4.0 2.5905107636058093 3.232188273934026
380.0 4.0 2.619338996941537 3.2470794492979898
400.0 4.0 2.641052089331996 3.1881884033716195
420.0 4.0 2.661336836329014 3.1312724969078567
440.0 4.0 2.682725422672748 3.0764263387780657
460.0 4.0 2.7022514583159425 3.0891801312936495
480.0 4.0 2.7184717232579443 3.086554587750222
500.0 4.0 2.7391803017863805 3.103377542625946
520.0 4.0 2.736488252389386 3.1177149462380407
540.0 4.0 2.7442545493243573 3.1349034132609885
560.0 4.0 2.757399465341635 3.1261818477800256
580.0 4.0 2.6934688809029836 3.0389586430096314
600.0 4.0 2.7113715114917505 3.0431836747950523
620.0 4.0 2.717293850622015 3.0693536451432437
640.0 4.0 2.704912478010604 3.072167746590805
660.0 4.0 2.708412445104099 3.0835333005352905
680.0 4.0 2.7195742552296283 3.0768978275252916
700.0 4.0 2.7121819133807046 3.088248083944986
720.0 4.0 2.7248776466356364 3.079131043813265
740.0 4.0 2.736241041090004 3.0679462630014815
760.0 4.0 2.742272618502827 3.03587513306713
780.0 4.0 2.7524979938996896 3.0313702529775353
800.0 4.0 2.7659718325087206 3.0435368737815804
820.0 4.0 2.776730782520862 3.0334131185179602
840.0 4.0 2.770581159748004 3.0131777797731885
860.0 4.0 2.7840468096488693 3.025401121628997
880.0 4.0 2.79626288077858 3.0363095420774555
900.0 4.0 2.805551661852796 3.0481545059639346
920.0 4.0 2.7956445689582154 3.018876776028568
940.0 4.0 2.8053733262832123 3.0123683808321235
960.0 4.0 2.7769892883065577 3.0116848264694793
980.0 4.0 2.780846012003689 3.020085899679328
1000.0 4.0 2.788421818395924 3.0280182747768567
1250.0 4.0 2.8320415128866947 3.046645971892325
1500.0 4.0 2.815582208499965 2.986933464166793
1750.0 4.0 2.8320045625661927 2.976370170421017
2000.0 4.0 2.8637402426545098 3.0216904891752465
2250.0 4.0 2.880381398377826 2.9872633616015727
2500.0 4.0 2.903353079456007 2.9864236993271707
2750.0 4.0 2.9331645309525807 2.9832763166145746
3000.0 4.0 2.931063839559211 2.925359253712216
3250.0 4.0 2.94017355650863 2.948333308997609
3500.0 4.0 2.962759566576067 2.9641996873546583
3750.0 4.0 2.9764167349177044 2.968646379519731
4000.0 4.0 3.003971913276969 2.9709079079046106
4250.0 4.0 3.0198311765071644 2.9674962020189213
4500.0 4.0 3.022103475122464 2.9621234537899888
4750.0 4.0 3.0151999912145797 2.951131988102589
5000.0 4.0 3.0405641721473087 2.955387487205858
5250.0 4.0 3.034458171181866 2.9635691761701493
5500.0 4.0 3.048765734669363 2.958626642154889
5750.0 4.0 3.0663069071167595 2.9518135497660554
6000.0 4.0 3.0745924950348487 2.947282792551918
6250.0 4.0 3.075091340648722 2.946976439407998
6500.0 4.0 3.0878483559048635 2.9507102898489292
6750.0 4.0 3.1064002666771526 2.951038775986023
7000.0 4.0 3.116479387225688 2.954134997890966
7250.0 4.0 3.121893986925728 2.9370368482619624
7500.0 4.0 3.126372838320011 2.941048079533327
7750.0 4.0 3.1348443215666273 2.9384223299498524
8000.0 4.0 3.141516503682948 2.938578655454754
8250.0 4.0 3.1398830490025853 2.9367579535658157
8500.0 4.0 3.1410184978256432 2.937108380989472
8750.0 4.0 3.1490656286040735 2.9391542041492125
9000.0 4.0 3.155591929712907 2.941016464714818
9250.0 4.0 3.161252613937256 2.94003457355756
9500.0 4.0 3.1667811146102514 2.9357030287630232
9750.0 4.0 3.173673643405328 2.93510827677868
10000.0 4.0 3.182204377665274 2.93588371677086
11000.0 4.0 3.208951791644581 2.938360469356282
12000.0 4.0 3.2332815622048217 2.935671220503466
13000.0 4.0 3.255517858121437 2.919800090864231
14000.0 4.0 3.272390355007077 2.919389077321109
15000.0 4.0 3.2894614820842274 2.916268490334293
16000.0 4.0 3.2959059820286223 2.9129087626738808
17000.0 4.0 3.3111174828029837 2.912664351034373
18000.0 4.0 3.3258626295667755 2.91118154096686
19000.0 4.0 3.3290260904520954 2.9036715342160395
20000.0 4.0 3.337362487220038 2.9054832952753515
21000.0 4.0 3.3478781801271027 2.9022627185682897
22000.0 4.0 3.3523785209379073 2.90032384105917
23000.0 4.0 3.356993049765142 2.8986559240190872
24000.0 4.0 3.3601707329060115 2.8947644986239727
25000.0 4.0 3.3597750310180214 2.8954140467399703
26000.0 4.0 3.364839109962047 2.893825937317111
27000.0 4.0 3.3656176409609255 2.8938058638754396
28000.0 4.0 3.366011560014944 2.8911614791156444
29000.0 4.0 3.364407647530277 2.8917701600450556
30000.0 4.0 3.363958222160579 2.8908794860717184
31000.0 4.0 3.3618431432241183 2.889671485150751
32000.0 4.0 3.360345256301299 2.8894956204930424
33000.0 4.0 3.357993192317451 2.8910894052806597
34000.0 4.0 3.357582514094762 2.8896117128794505
35000.0 4.0 3.354920066608814 2.887710071323157
36000.0 4.0 3.3510797879177123 2.887384192050775
37000.0 4.0 3.3482576009539913 2.886919899557701
38000.0 4.0 3.346575986741561 2.8847459463322918
39000.0 4.0 3.3445381613822214 2.883057949182612
40000.0 4.0 3.3430758457265637 2.8814706195553343
41000.0 4.0 3.341969074674287 2.880069159004102
42000.0 4.0 3.339476005382009 2.8793968728152
43000.0 4.0 3.33843042654427 2.8796533624583667
44000.0 4.0 3.3380412279324694 2.8786206584542846
45000.0 4.0 3.334833208671583 2.878099935511923
46000.0 4.0 3.332839193853308 2.8768563223451
47000.0 4.0 3.3299123540055233 2.875931536069121
48000.0 4.0 3.328138782794157 2.8753672684158826
49000.0 4.0 3.32660027581526 2.874377621194601
50000.0 4.0 3.3241294024058234 2.8743533821399225
51000.0 4.0 3.3123740943682165 2.874422354456216
52000.0 4.0 3.310674515433963 2.874677951894453
53000.0 4.0 3.311261202659547 2.8743473670908215
54000.0 4.0 3.310772973393564 2.874378516980924
55000.0 4.0 3.310467868236246 2.8742882805151004
56000.0 4.0 3.309030451056679 2.8726046217144634
57000.0 4.0 3.3085286018706523 2.872437164105633
58000.0 4.0 3.307760536838328 2.871200250644054
59000.0 4.0 3.30780653807631 2.87058914267074
60000.0 4.0 3.3074548984730128 2.870371976653719
61000.0 4.0 3.307827935597002 2.8702466549170933
62000.0 4.0 3.3081300315773334 2.869164482176043
63000.0 4.0 3.3066187725175764 2.868656249349759
64000.0 4.0 3.3063413067358933 2.868943003276697
65000.0 4.0 3.306158520854252 2.8680644826921617
66000.0 4.0 3.305396236813333 2.867180894018342
67000.0 4.0 3.304857085825306 2.8671667473967095
68000.0 4.0 3.3045408046999682 2.866573677037344
69000.0 4.0 3.3045447372227086 2.866354838153884
70000.0 4.0 3.304297852503811 2.8662624582549427
71000.0 4.0 3.3035921636766385 2.866370532087714
72000.0 4.0 3.3039184089908304 2.8657951577228733
73000.0 4.0 3.3034367661406066 2.865936336464695
74000.0 4.0 3.3036729215623493 2.865460199144489
75000.0 4.0 3.3037590331004543 2.8648090473925345
76000.0 4.0 3.3035858452768077 2.8646367906779466
77000.0 4.0 3.3033555753456167 2.8641577321673624
78000.0 4.0 3.3032261584764533 2.8639843362794086
79000.0 4.0 3.303176735692937 2.8636650212608408
80000.0 4.0 3.3024912968141513 2.8627902936688363
81000.0 4.0 3.302604190346793 2.862110767242884
82000.0 4.0 3.302953725096799 2.8614842577061474
83000.0 4.0 3.303439780328501 2.861293830428149
84000.0 4.0 3.303852360740588 2.8610993331176866
85000.0 4.0 3.303549244139088 2.8614495925343246
86000.0 4.0 3.3036878907969824 2.861157520367825
87000.0 4.0 3.3035111859086657 2.8609398825086925
88000.0 4.0 3.303997799087336 2.861039535377783
89000.0 4.0 3.3043739723323755 2.860954013766911
90000.0 4.0 3.3043077350911205 2.860311879524171
91000.0 4.0 3.3043848307489627 2.8603022657073653
92000.0 4.0 3.304542391166493 2.860484996225178
93000.0 4.0 3.304605871464943 2.8604363393444983
94000.0 4.0 3.3046414488938427 2.860653259579705
95000.0 4.0 3.305002205338315 2.860937078549413
96000.0 4.0 3.3045088634563022 2.860969856275548
97000.0 4.0 3.303797424339624 2.8604953393159454
98000.0 4.0 3.3036891434654296 2.860509208447906
99000.0 4.0 3.3039833772883944 2.8603025985707795
