20.0 0.020170300005702302 0.014433700001973193 0.02060450000135461 0.014425100001972169
40.0 0.04021169999759877 0.029679200000828132 0.04115040000033332 0.028827599999203812
60.0 0.06002180000359658 0.04204369999933988 0.062140800000634044 0.04388680000556633
80.0 0.080957700003637 0.05628190000425093 0.08364409999921918 0.058685500000137836
100.0 0.10274199999548728 0.06944279999879654 0.10855659999651834 0.07727059999888297
120.0 0.12172180000197841 0.0853824000005261 0.1299908000000869 0.09143399999447865
140.0 0.1387920999986818 0.09765899999911198 0.15065039999899454 0.10622049999801675
160.0 0.1595692999981111 0.11165429999527987 0.17848870000307215 0.12700920000497717
180.0 0.18166559999372112 0.1278731999991578 0.19694719999824883 0.13867539999773726
200.0 0.19850610000139568 0.13962390000233427 0.2195408999978099 0.15532720000192057
220.0 0.2248260999986087 0.1536645000014687 0.2450377999994089 0.17526659999566618
240.0 0.2381251000042539 0.1674085000049672 0.2758984000029159 0.19598080000287155
260.0 0.26248710000072606 0.1816476000021794 0.2949612000011257 0.2091694999980973
280.0 0.2857852000015555 0.19515410000167321 0.3260182000012719 0.23044880000088597
300.0 0.30071879999741213 0.21149439999862807 0.3564321000012569 0.2509427000040887
320.0 0.320387199994002 0.22406829999818 0.3760153999974136 0.2643656000000192
340.0 0.34604590000526514 0.24302389999502338 0.40107209999405313 0.282366200000979
360.0 0.3691603999977815 0.25312790000316454 0.42852850000053877 0.3015778999979375
380.0 0.38985020000109216 0.2668697000044631 0.4554931000020588 0.32080040000437293
400.0 0.41086459999496583 0.280708099999174 0.4828602999987197 0.3396121000041603
420.0 0.43078930000046967 0.2954033999994863 0.5111929999984568 0.3597049999953015
440.0 0.44906949999858625 0.30866680000326596 0.5377791999999317 0.38024799999402603
460.0 0.4671282000053907 0.3282806999995955 0.5677492999966489 0.40039039999828674
480.0 0.47969620000367286 0.3366865999996662 0.60831610000605 0.4295819000035408
500.0 0.5005239000020083 0.3515112000022782 0.6371122999989893 0.44953499999974156
520.0 0.5324884000001475 0.3760642999986885 0.6642503999973997 0.465802699996857
540.0 0.5458966999940458 0.37795870000263676 0.6995806999984779 0.49582489999738755
560.0 0.5577731999946991 0.39250629999878583 0.724931499993545 0.5066225999980816
580.0 0.5876375000007101 0.40662809999776073 0.7670796000020346 0.5402333000020008
600.0 0.6001034999935655 0.4197178000031272 0.7812647000027937 0.5508869000041159
620.0 0.6187635999958729 0.43408069999713916 0.8201122000027681 0.5792500000025029
640.0 0.6517193000036059 0.45888660000491655 0.8455802000025869 0.594945100005134
660.0 0.6595684999992955 0.4617294999989099 0.8775983000014094 0.6173424000007799
680.0 0.6811199000003398 0.4759163000053377 0.912151199998334 0.6405082999990555
700.0 0.7001573999950779 0.48961229999986244 0.95491839999886 0.6715966999981902
720.0 0.7268537999989348 0.5048962000000756 0.9875154000037583 0.6966927999965264
740.0 0.7495409000039217 0.5259928000014042 1.0242882000020472 0.7209749999965425
760.0 0.7739732999980333 0.5348156000036397 1.0575401000023703 0.7467079999987618
780.0 0.7803302000029362 0.544915200000105 1.0804273000030662 0.7720992000031401
800.0 0.800642300004256 0.5605378999971435 1.120540700001584 0.7856570999938413
820.0 0.8188280000031227 0.5743662000022596 1.150224499993783 0.8103908999983105
840.0 0.8511010000001988 0.5994393000000855 1.2094828999979654 0.8493731999988086
860.0 0.857884600001853 0.6027762000012444 1.2200190000003204 0.8636713000014424
880.0 0.8808037999988301 0.6164002000004984 1.2917720999976154 0.8925995000026887
900.0 0.911124700003711 0.6311103000043659 1.304673200000252 0.9258576000065659
920.0 0.9176613000017824 0.6455847999968682 1.3732129000054556 0.9641320999944583
940.0 0.94203400000697 0.6595730999979423 1.379929999995511 0.9756360000028508
960.0 0.9742780000015046 0.6766680000000633 1.4293998000066495 1.0085257999962778
980.0 0.9733817000014824 0.6953285999989021 1.4737586999981431 1.033690000003844
1000.0 1.0024342000033357 0.704043300000194 1.4932083999956376 1.0488360000017565
1250.0 1.2525663999986136 0.8766611000028206 2.0474256000015885 1.445682699995814
1500.0 1.5138720000031753 1.0498554000005242 2.6676946000006865 1.8788506999990204
1750.0 1.7494656999988365 1.2270649000056437 3.29685160000372 2.2866795000009006
2000.0 2.0029108000017004 1.4093710999950417 4.016128600000229 2.8273821999973734
2250.0 2.2730143000007956 1.5729019999998854 4.797016500000609 3.377482300005795
2500.0 2.515119499999855 1.7791198000049917 5.599099600003683 3.987764599994989
2750.0 2.778955000001588 1.922787799994694 6.443575899997086 4.561906900002214
3000.0 3.026266500004567 2.1049229000054765 7.490287900000112 5.185555500000191
3250.0 3.219732400000794 2.26999789999536 8.50779589999729 5.928694700000051
3500.0 3.477462499999092 2.4507569999987027 9.485290199998417 6.633939300001657
3750.0 3.7943276000005426 2.624765300002764 10.582912599995325 7.493238100003509
4000.0 4.022142800000438 2.839249500000733 11.77395520000573 8.343797800000175
4250.0 4.311942200001795 2.9762186000007205 13.08564500000648 9.146494300002814
4500.0 4.465413600002648 3.1523436999996193 14.38918669999839 10.124041499999294
4750.0 4.789814000003389 3.3805036999983713 15.76771930000541 10.98059479999938
5000.0 4.9759384999997565 3.5320953000045847 17.24051220000547 12.202803100000892
5250.0 5.279635300001246 3.675224300000991 18.830302800000936 13.174114199995529
5500.0 5.474116299999878 3.884263899999496 20.388772099999187 14.14141329999984
5750.0 5.714173499996832 4.0372291000021505 21.7738274000003 15.402033099999244
