20.0 0.02060450000135461 0.013659699994605035 0.008998700010124594 0.0075938000227324665
40.0 0.04115040000033332 0.020356099994387478 0.017911500006448478 0.01394500001333654
60.0 0.062140800000634044 0.03307859998312779 0.026537700003245845 0.021280700020724908
80.0 0.08364409999921918 0.039531500020530075 0.04224510001949966 0.028776300023309886
100.0 0.10855659999651834 0.06537520000711083 0.049756099993828684 0.03618530000676401
120.0 0.1299908000000869 0.058166900009382516 0.04929900000570342 0.04141790000721812
140.0 0.15065039999899454 0.06981240000459366 0.0580478000047151 0.04792430001543835
160.0 0.17848870000307215 0.09745589998783544 0.06737799997790717 0.06286089998320676
180.0 0.19694719999824883 0.1115433000086341 0.07881869998527691 0.08413070000824519
200.0 0.2195408999978099 0.10746549998293631 0.09476680000079796 0.0822117000061553
220.0 0.2450377999994089 0.12301080001634546 0.0987920000043232 0.09179289999883622
240.0 0.2758984000029159 0.14174849999835715 0.11180850001983345 0.09538119999342598
260.0 0.2949612000011257 0.15657379999174736 0.11963600001763552 0.10318559998995624
280.0 0.3260182000012719 0.164871300017694 0.13211770000634715 0.1250628000125289
300.0 0.3564321000012569 0.16573919999063946 0.1376209000009112 0.12619519999134354
320.0 0.3760153999974136 0.1665705000050366 0.14552619997994043 0.1493217000097502
340.0 0.40107209999405313 0.18471969998790883 0.15145589999156073 0.1548260000126902
360.0 0.42852850000053877 0.20724089999566786 0.15900139999575913 0.1383868999837432
380.0 0.4554931000020588 0.2289922000200022 0.18094620000920258 0.16931140000815503
400.0 0.4828602999987197 0.2565136000048369 0.21207830001367256 0.16051480002352037
420.0 0.5111929999984568 0.26193249999778345 0.20521410001674667 0.19936449997476302
440.0 0.5377791999999317 0.25035610000486486 0.21800999998231418 0.17105950001860037
460.0 0.5677492999966489 0.2921895999752451 0.21165809998637997 0.18534140000701882
480.0 0.60831610000605 0.3369933000067249 0.2287699999869801 0.20508539999718778
500.0 0.6371122999989893 0.28004280000459403 0.22966539999470115 0.21728819998679683
520.0 0.6642503999973997 0.3400273000006564 0.24200349999591708 0.23554000002332032
540.0 0.6995806999984779 0.3452432000194676 0.2492303000180982 0.2245785999984946
560.0 0.724931499993545 0.32192859999486245 0.26816500001586974 0.2509295000054408
580.0 0.7670796000020346 0.3299412000051234 0.29554610000923276 0.25741069999639876
600.0 0.7812647000027937 0.3369114999950398 0.2834671000018716 0.2647348000027705
620.0 0.8201122000027681 0.3587427000165917 0.33379609999246895 0.26910900001530536
640.0 0.8455802000025869 0.35834919998887926 0.34159970001201145 0.2930610000039451
660.0 0.8775983000014094 0.400502599979518 0.3456761999987066 0.2934368000132963
680.0 0.912151199998334 0.3788980000244919 0.3337887999950908 0.3192511000088416
700.0 0.95491839999886 0.3973048999905586 0.37836570001672953 0.3287527000065893
720.0 0.9875154000037583 0.4175392000179272 0.3669118000252638 0.3333865999884438
740.0 1.0242882000020472 0.44159790000412613 0.39904040002147667 0.3438212999899406
760.0 1.0575401000023703 0.4614958000020124 0.4793426000105683 0.4727114000124857
780.0 1.0804273000030662 0.47310360000119545 0.4816565999935847 0.5131035999802407
800.0 1.120540700001584 0.48267629998736084 0.4148747999861371 0.3941060999932233
820.0 1.150224499993783 0.49872460000915453 0.4992383999924641 0.39956489999894984
840.0 1.2094828999979654 0.4983139999967534 0.4809629999799654 0.410323399992194
860.0 1.2200190000003204 0.573925100004999 0.48694530001375824 0.46734299999661744
880.0 1.2917720999976154 0.5368901999900118 0.5267849999945611 0.4415152999863494
900.0 1.304673200000252 0.5636752000136767 0.5289802000042982 0.45957150001777336
920.0 1.3732129000054556 0.6026512999960687 0.4850846999906935 0.4691140000068117
940.0 1.379929999995511 0.623791899997741 0.5555000999884214 0.5167993000068236
960.0 1.4293998000066495 0.6292374999902677 0.541029999993043 0.5219854000024498
980.0 1.4737586999981431 0.6209096000238787 0.5169871000107378 0.5383858000277542
1000.0 1.4932083999956376 0.6054349999758415 0.5529003000119701 0.5531916999898385
1250.0 2.0474256000015885 0.8130393999745138 0.7628043000004254 0.7045403000083752
1500.0 2.6676946000006865 1.0491270999773405 0.9097878000175115 0.8814359999960288
1750.0 3.29685160000372 1.2659763999981806 1.1676613000163343 1.1286752999876626
2000.0 4.016128600000229 1.5708939000032842 1.3899155000108294 1.3433072000043467
2250.0 4.797016500000609 1.8732967000105418 1.6855352999991737 1.5982943999988493
2500.0 5.599099600003683 2.1200340000214055 1.9700800999999046 1.8819501000107266
2750.0 6.443575899997086 2.477487600001041 2.194263699988369 2.2707762000209186
3000.0 7.490287900000112 2.794365799985826 2.540812699997332 2.5066100000112783
3250.0 8.50779589999729 3.188200799981132 2.861457799997879 2.887927099975059
3500.0 9.485290199998417 3.4728205999999773 3.1621800999855623 3.277555700013181
3750.0 10.582912599995325 3.9139831999782473 3.5792490000021644 3.660256200004369
4000.0 11.77395520000573 4.25705200000084 3.8959613000042737 4.066238900006283
4250.0 13.08564500000648 4.688445200008573 4.3658408999908715 4.469369099999312
4500.0 14.38918669999839 5.1464841999986675 4.669496899994556 4.982817899988731
4750.0 15.76771930000541 5.652424300002167 5.114740899996832 5.387638399988646
5000.0 17.24051220000547 6.0608829999982845 5.645646099990699 5.941022299986798
5250.0 18.830302800000936 6.561971000017365 6.085904200008372 6.422813600016525
5500.0 20.388772099999187 7.094333999993978 6.553880699997535 6.941061199991964
5750.0 21.7738274000003 7.560134900006233 7.047541200008709 7.497326900018379
