10.0 0.00011360000007698545 0.0017909000016516075 0.0008989000016299542 0.0010026999952970073
20.0 0.0007815999999820633 0.00042379999649710953 0.00034669999877223745 0.00023419999342877418
30.0 0.0022346999999172112 0.0009923000034177676 0.0005836999989696778 0.0004681999998865649
40.0 0.005288600000085353 0.002057400008197874 0.0011671000029309653 0.0010003000061260536
50.0 0.010327400000051057 0.0036180000024614856 0.0020922000003338326 0.0014042000111658126
60.0 0.017874800000072355 0.0063879999943310395 0.004464800000278046 0.0024421999987680465
70.0 0.027395599999863407 0.00981939998746384 0.005925599998590769 0.0034807000047294423
80.0 0.04095940000001974 0.014533599998685531 0.0075499999984458555 0.005207000009249896
90.0 0.05872529999987819 0.01982299999508541 0.012011499999061925 0.007472199999028817
100.0 0.07969329999991714 0.02696020000439603 0.015790099998412188 0.01011339999968186
110.0 0.1116652000000613 0.03575809999892954 0.021570299999439158 0.014286799996625632
120.0 0.14021999999999935 0.04634519999672193 0.0268419999993057 0.019913600001018494
130.0 0.19361049999997704 0.05995049999910407 0.03566020000289427 0.021205799988820218
140.0 0.2404905000000781 0.0736583999969298 0.04509010000037961 0.03003210001043044
150.0 0.2716947999999775 0.09770410000055563 0.05233159999988857 0.032854400007636286
160.0 0.3275091999998949 0.109248499997193 0.061160600002040155 0.04365779999352526
170.0 0.40201550000006137 0.12937710000551306 0.08150019999811775 0.05016449998947792
180.0 0.47780869999996867 0.1542333000106737 0.08821650000027148 0.06596979999449104
190.0 0.5509578000001056 0.1800284999917494 0.09630590000233497 0.06698279999545775
200.0 0.6395222000001013 0.21560739999404177 0.12603149999995367 0.08462090000102762
210.0 0.7413837999999942 0.24998039999627508 0.1364666000008583 0.10360850000870414
220.0 0.8702809999999772 0.2811560999980429 0.17640100000062375 0.1071142000000691
230.0 0.9874009999998634 0.31919350000680424 0.1773207000005641 0.11929170000075828
240.0 1.10842219999995 0.3732144999958109 0.20202830000198446 0.14705220000178088
250.0 1.2660134000000198 0.4090107999945758 0.24061770000116667 0.1668407999968622
260.0 1.4210065999998278 0.48685639999166597 0.2766970999982732 0.18613919999916106
270.0 1.6301650000000336 0.5372784000064712 0.30432760000257986 0.20984080000198446
280.0 1.7951049999999213 0.5874308999918867 0.3266219999968598 0.2266953999933321
290.0 1.9947145000001 0.6442575999972178 0.4101240999989386 0.26678930000343826
300.0 2.2856481999999687 0.7386219000036363 0.4123615000025893 0.2854603000014322
310.0 2.4366651999998794 0.7883484000049066 0.46773989999928745 0.31571579999581445
320.0 2.68258139999989 0.8693080000084592 0.6059169000000111 0.3603307000012137
330.0 3.019796400000132 0.9798708999878727 0.6162774000003992 0.3702029999985825
340.0 3.234443800000008 1.054329200007487 0.6128114999992249 0.41742270000395365
350.0 3.541372700000011 1.1459404000052018 0.7000851999982842 0.4643422999943141
360.0 3.967581999999993 1.2733149000123376 0.8277252000007138 0.4930324000015389
370.0 4.214034199999787 1.3612266999989515 0.8226372000026458 0.5482101999950828
380.0 4.578240800000003 1.4758817999972962 0.8318136000016239 0.5842450000054669
390.0 5.073365899999999 1.6427842000121018 0.9149932000000263 0.661985700004152
400.0 5.354478900000231 1.7245170999958646 0.9504458000010345 0.697852099998272
410.0 5.780149900000197 1.8721274999988964 1.0260560999995505 0.7205900999979349
420.0 6.388454399999773 2.0395212000003085 1.0727446999990207 0.8113293999922462
430.0 6.706706699999813 2.148602100001881 1.1724365999980364 0.8552633000072092
440.0 7.1766914999998335 2.3063962000014726 1.2591793999999936 0.9007169999968028
450.0 7.927596500000163 2.5408783000020776 1.3273435000010068 0.9689332999987528
460.0 8.29725499999995 2.639754699994228 1.463220599998749 1.111347800004296
470.0 8.848815800000011 2.844802499996149 1.633546800003387 1.158791599998949
480.0 9.671708599999874 3.082283499999903 1.8635008999990532 1.267833799996879
490.0 9.987054800000351 3.2245606999931624 2.3748936999982106 1.2826640999992378
500.0 10.666627399999925 3.4539635999972234 2.1223075999987486 1.445028200003435
510.0 11.652304100000038 3.7104799000080675 2.1315581999988353 1.4577850999921793
520.0 12.005427200000213 3.880546599990339 2.5935656999972707 1.51735799999733
530.0 12.751024799999868 4.10146540000278 2.6422086999991734 1.6923915000079433
540.0 13.86996659999977 4.388943800004199 2.6245858000002045 1.8275392000068678
550.0 14.27085360000001 4.592829300003359 2.7225643000019772 1.8998763999989023
560.0 15.053646299999855 4.821189599999343 3.054590299998381 1.959115899997414
570.0 16.39954970000008 5.173591300001135 3.0166008999985934 2.071673800004646
580.0 16.726138900000024 5.407779700006358 3.0089028000002145 2.220459899996058
590.0 18.06324510000013 5.705733499999042 3.13405960000091 2.356280699998024
600.0 19.59417059999987 6.038098299992271 3.4050910000005388 2.4295750000019325
610.0 19.846737200000007 6.320085200000904 3.52181660000133 2.5453138000011677
620.0 20.75139950000039 6.7046999000012875 3.763335699997697 2.7347713000053773
630.0 22.57162709999966 7.202363199990941 4.279546500001743 2.8520869000058156
640.0 22.70243530000016 7.403538099999423 4.0960938000025635 2.9982601999945473
650.0 23.750856799999838 7.600758300002781 4.255383100000472 3.078985800006194
660.0 25.709273100000246 8.122445600005449 4.533600299997488 3.272032399996533
670.0 26.008165199999894 8.84404340000765 5.141841299999214 3.360209299993585
680.0 27.349188700000013 9.201734699992812 5.134627200000978 3.6261128000041936
690.0 29.806340799999816 9.402208500003326 5.267746500001522 3.6628667999902973
700.0 29.9585947999999 9.578698600002099 5.727299199999834 3.926269699994009
710.0 31.270819100000153 10.067154200005461 6.134816099998716 4.067597699991893
720.0 33.90012680000018 10.619389100000262 6.096573500002705 4.288642400002573
730.0 33.987498799999685 10.929023599994252 6.226190700002917 4.379969900008291
740.0 35.495983799999976 11.47041850000096 6.31081500000073 4.675778199991328
750.0 38.277327799999966 12.11658869999519 6.599545000000944 4.775816599998507
760.0 38.52518830000008 12.729939700002433 6.720272200000181 4.9795088000100804
770.0 39.97591569999986 12.933531800008495 7.050340699999651 5.177857900009258
780.0 43.00913390000005 13.641031599996495 8.339914700001827 5.485616799996933
790.0 43.11932539999998 13.940762300000642 8.397486199999548 5.6810666999954265
800.0 44.894023899999866 14.626716099999612 8.63628289999906 5.896006800001487
810.0 48.5393368 15.373567099988577 9.220350999999937 6.0758051999873715
820.0 48.55393640000011 15.692404300003545 9.173436000000947 6.331449500008603
830.0 50.23510209999995 16.43804119998822 9.251907400001073 6.521710700006224
840.0 54.22907970000006 17.23280800000066 10.201251399998 6.787109700002475
850.0 54.04116030000023 17.68819469999289 10.2201653000011 6.997826499995426
860.0 55.86447290000024 18.286701200006064 10.913204500000575 7.262489700005972
870.0 60.20545659999971 19.294245599987335 11.384344100002636 7.650589900003979
880.0 60.4017031999997 20.025878700005705 11.604501400001027 7.865073100008885
890.0 62.38188949999994 20.223179799999343 12.418922900000325 8.101317399996333
900.0 66.89531810000017 21.579816099998425 12.489767700000812 8.582876400003443
910.0 66.98730440000008 21.98887339999783 13.152811299998575 8.689332100009779
920.0 68.94686040000033 22.67797660001088 13.194217500000377 9.068143800002872
930.0 74.27879199999961 23.980817399991793 14.197345299999142 9.540335800003959
940.0 73.69744579999997 24.38734819999081 14.147881799999595 9.73752229999809
950.0 76.38283000000001 24.82914110001002 14.831280300000799 9.984377400003723
960.0 81.64493850000008 26.298782799989567 15.493550899998809 10.374405199996545
970.0 81.42846999999983 26.461254599998938 15.324380400001246 10.60013340000296
980.0 83.57603240000026 27.81349419998878 14.883700800000952 10.84096370000043
990.0 90.78434470000047 28.720874799997546 15.637370100001135 11.34041590000561
1000.0 89.1029264000008 31.221939800001564 17.375079800000094 11.972720699995989
1010.0 91.78477099999964 30.299123600008897 16.891398599997046 12.053312100004405
1020.0 99.0184804999999 31.615563399987877 17.45400730000256 12.484030799998436
1030.0 98.09482479999951 31.672437899993383 17.857096399999136 12.863959800000885
1040.0 100.5699650000006 32.667970400012564 18.433608899998944 13.276295900010155
1050.0 108.64280329999929 34.2758063999936 18.80666679999922 13.700807500004885
1060.0 106.60042359999989 34.769734600005904 18.91378579999946 14.584196199997677
1070.0 110.3979816000001 35.76283939999121 19.625133699999424 14.380701999994926
1080.0 118.18189840000014 39.10832489999302 21.052667899999506 15.371372699999483
1090.0 116.74360100000013 39.1458113000117 22.32372629999736 15.681932999999844
1100.0 119.69767150000007 40.2573018999974 23.64730630000122 16.125749999991967
1110.0 134.06464930000038 42.18782490000012 23.533060599998862 16.652906800009077
1120.0 129.37634459999936 42.65249790000962 25.304267999999865 17.089064300002065
1130.0 133.98270140000022 44.09574150000117 25.063760599998204 17.535176000004867
1140.0 144.6891131000002 44.4913618999999 25.264044199997443 17.681703499998548
1150.0 141.39405669999996 45.13873550000426 24.899266299999 18.00074790000508
1160.0 144.77481930000067 45.968739300005836 24.95331630000146 18.39804830000503
1170.0 156.5875962 47.7415997999924 26.01231960000223 18.930715299997246
1180.0 153.62613129999954 48.511899299992365 26.15708580000137 19.24938860000111
1190.0 156.9086274000001 49.32819559999916 26.902478999996674 19.91248810000252
1200.0 169.5884827 52.170036399998935 27.811989199999516 20.505094200008898
1210.0 165.57878080000046 52.14220989999012 28.384522199998173 20.99865389999468
1220.0 171.05852349999986 55.961003099990194 30.10215810000227 22.1000703000027
1230.0 183.51182679999965 58.659126400001696 31.25675079999928 22.723860099999
1240.0 178.05398669999977 58.75986760000524 31.260579500001768 23.410675299994182
1250.0 179.06536439999945 61.546584199997596 32.22212159999981 23.823645299999043
1260.0 192.18891729999996 63.265320700011216 33.72511569999915 24.749216800002614
1270.0 187.6740817 63.22751640000206 33.7012536000002 25.31380309999804
1280.0 192.19529070000044 65.04321410000557 34.524808800000756 25.567286200006492
1290.0 206.42452159999993 65.06853689999843 35.03436390000206 25.94048419999308
1300.0 200.9152436000004 65.74073090001184 35.08134510000309 26.587610100003076
1310.0 205.91195909999988 67.31260059999477 35.858386700001574 27.20321469999908
1320.0 222.4690271999989 70.75984449998941 37.561823000000004 27.97022360000119
1330.0 215.79312310000023 70.692939200002 37.85718009999982 28.226788800006034
1340.0 220.63628170000084 71.95433989999583 39.2462377999982 29.008314499995322
1350.0 239.29061050000018 77.5734009000007 40.97714100000303 30.19380850000016
1360.0 232.20985110000038 77.1342161999928 40.652200799999264 30.821656700005406
1370.0 236.58357819999947 78.2676225000032 42.03328909999982 31.565278499998385
1380.0 255.90046319999965 82.49424559999898 43.736880200001906 32.2285380000103
1390.0 249.13489420000042 82.03456840000581 43.705095399996935 32.829395900000236
1400.0 255.1868609000012 83.90226360000088 44.882065100002364 33.72357919999922
1410.0 271.7873373000002 86.88058060000185 46.46405510000113 34.61964170000283
1420.0 263.4634142999985 87.13648230000399 46.268873499997426 34.91449590001139
1430.0 273.4713313000011 88.88968069999828 47.09413470000072 36.08528840000508
1440.0 296.84075309999935 93.11948179999308 49.31937639999887 37.01408470000024
1450.0 283.66317940000044 92.90113300000667 49.476232199998776 37.20539550000103
1460.0 286.58084729999973 94.94763399999647 50.55228320000242 38.24272989999736
1470.0 313.09016770000017 98.73354739999922 52.99895219999962 39.529810100008035
1480.0 297.83145759999934 102.22900020000816 54.46979929999725 40.401789700001245
1490.0 306.1685373 105.24504029999662 55.80771079999977 41.42378060000192
1500.0 328.7618311999995 109.08494260000589 58.077635000001465 42.497729900002014
1510.0 319.2488797999995 109.82554010000604 57.890290899998945 42.82272080000257
1520.0 324.2878213999993 113.97598540000035 59.25284499999907 43.54815159999998
1530.0 354.66941580000093 119.5157390999957 61.5764053999992 44.90776230000483
1540.0 336.89072529999976 112.83282580001105 59.862138000000414 44.616846200005966
1550.0 346.7666270999998 116.04950399999507 61.655316699998366 45.405698999995366
1560.0 372.46547340000143 121.30286350000824 63.884456700001465 47.38060839999525
1570.0 360.04922869999973 119.80976250000822 63.835543599998346 47.83411429999978
1580.0 365.02796040000067 123.80296810000436 64.88908459999948 48.23327080000308
1590.0 406.2302850999986 127.56245829998807 67.55256770000051 49.77058859998942
1600.0 387.77847889999975 128.32947460000287 67.81490579999809 50.39014859999588
1610.0 397.5471010000001 132.16484919999493 70.35516599999755 52.13429149999865
1620.0 426.6611993000006 138.9702238000027 73.47537250000096 53.26467839999532
1630.0 415.3666363000011 137.62389259999327 73.62959779999801 54.35430790000828
1640.0 457.2684930000032 141.07061939999403 74.6496901999999 55.54222149999987
1650.0 508.07567669999844 145.97275760000048 78.1062256999976 56.90169790000073
1660.0 462.2687913000009 146.9567276000016 77.39822099999947 57.5851096999977
1670.0 477.69877930000075 147.23672209998767 78.75254370000039 58.56089659999998
1680.0 512.252526799999 155.59988329999032 82.38443340000231 60.375931499991566
1690.0 486.8029131000003 152.6908737000049 81.78106910000133 61.00132559999474
1700.0 498.0491446999986 157.31178419999196 83.20814659999814 61.86019900000247
1710.0 545.9881124999993 162.8654106000031 86.98089140000229 64.2549782999995
1720.0 513.7418308000015 163.4294349999982 86.53269780000119 64.75764339999296
1730.0 521.5915815000008 168.4269198999973 89.47220379999999 66.67813899999601
1740.0 569.6272441000001 176.42921060000663 93.27452550000089 67.67163890000666
