10.0 0.00011360000007698545 0.0008989000016299542
20.0 0.0007815999999820633 0.00034669999877223745
30.0 0.0022346999999172112 0.0005836999989696778
40.0 0.005288600000085353 0.0011671000029309653
50.0 0.010327400000051057 0.0020922000003338326
60.0 0.017874800000072355 0.004464800000278046
70.0 0.027395599999863407 0.005925599998590769
80.0 0.04095940000001974 0.0075499999984458555
90.0 0.05872529999987819 0.012011499999061925
100.0 0.07969329999991714 0.015790099998412188
110.0 0.1116652000000613 0.021570299999439158
120.0 0.14021999999999935 0.0268419999993057
130.0 0.19361049999997704 0.03566020000289427
140.0 0.2404905000000781 0.04509010000037961
150.0 0.2716947999999775 0.05233159999988857
160.0 0.3275091999998949 0.061160600002040155
170.0 0.40201550000006137 0.08150019999811775
180.0 0.47780869999996867 0.08821650000027148
190.0 0.5509578000001056 0.09630590000233497
200.0 0.6395222000001013 0.12603149999995367
210.0 0.7413837999999942 0.1364666000008583
220.0 0.8702809999999772 0.17640100000062375
230.0 0.9874009999998634 0.1773207000005641
240.0 1.10842219999995 0.20202830000198446
250.0 1.2660134000000198 0.24061770000116667
260.0 1.4210065999998278 0.2766970999982732
270.0 1.6301650000000336 0.30432760000257986
280.0 1.7951049999999213 0.3266219999968598
290.0 1.9947145000001 0.4101240999989386
300.0 2.2856481999999687 0.4123615000025893
310.0 2.4366651999998794 0.46773989999928745
320.0 2.68258139999989 0.6059169000000111
330.0 3.019796400000132 0.6162774000003992
340.0 3.234443800000008 0.6128114999992249
350.0 3.541372700000011 0.7000851999982842
360.0 3.967581999999993 0.8277252000007138
370.0 4.214034199999787 0.8226372000026458
380.0 4.578240800000003 0.8318136000016239
390.0 5.073365899999999 0.9149932000000263
400.0 5.354478900000231 0.9504458000010345
410.0 5.780149900000197 1.0260560999995505
420.0 6.388454399999773 1.0727446999990207
430.0 6.706706699999813 1.1724365999980364
440.0 7.1766914999998335 1.2591793999999936
450.0 7.927596500000163 1.3273435000010068
460.0 8.29725499999995 1.463220599998749
470.0 8.848815800000011 1.633546800003387
480.0 9.671708599999874 1.8635008999990532
490.0 9.987054800000351 2.3748936999982106
500.0 10.666627399999925 2.1223075999987486
510.0 11.652304100000038 2.1315581999988353
520.0 12.005427200000213 2.5935656999972707
530.0 12.751024799999868 2.6422086999991734
540.0 13.86996659999977 2.6245858000002045
550.0 14.27085360000001 2.7225643000019772
560.0 15.053646299999855 3.054590299998381
570.0 16.39954970000008 3.0166008999985934
580.0 16.726138900000024 3.0089028000002145
590.0 18.06324510000013 3.13405960000091
600.0 19.59417059999987 3.4050910000005388
610.0 19.846737200000007 3.52181660000133
620.0 20.75139950000039 3.763335699997697
630.0 22.57162709999966 4.279546500001743
640.0 22.70243530000016 4.0960938000025635
650.0 23.750856799999838 4.255383100000472
660.0 25.709273100000246 4.533600299997488
670.0 26.008165199999894 5.141841299999214
680.0 27.349188700000013 5.134627200000978
690.0 29.806340799999816 5.267746500001522
700.0 29.9585947999999 5.727299199999834
710.0 31.270819100000153 6.134816099998716
720.0 33.90012680000018 6.096573500002705
730.0 33.987498799999685 6.226190700002917
740.0 35.495983799999976 6.31081500000073
750.0 38.277327799999966 6.599545000000944
760.0 38.52518830000008 6.720272200000181
770.0 39.97591569999986 7.050340699999651
780.0 43.00913390000005 8.339914700001827
790.0 43.11932539999998 8.397486199999548
800.0 44.894023899999866 8.63628289999906
810.0 48.5393368 9.220350999999937
820.0 48.55393640000011 9.173436000000947
830.0 50.23510209999995 9.251907400001073
840.0 54.22907970000006 10.201251399998
850.0 54.04116030000023 10.2201653000011
860.0 55.86447290000024 10.913204500000575
870.0 60.20545659999971 11.384344100002636
880.0 60.4017031999997 11.604501400001027
890.0 62.38188949999994 12.418922900000325
900.0 66.89531810000017 12.489767700000812
910.0 66.98730440000008 13.152811299998575
920.0 68.94686040000033 13.194217500000377
930.0 74.27879199999961 14.197345299999142
940.0 73.69744579999997 14.147881799999595
950.0 76.38283000000001 14.831280300000799
960.0 81.64493850000008 15.493550899998809
970.0 81.42846999999983 15.324380400001246
980.0 83.57603240000026 14.883700800000952
990.0 90.78434470000047 15.637370100001135
1000.0 89.1029264000008 17.375079800000094
1010.0 91.78477099999964 16.891398599997046
1020.0 99.0184804999999 17.45400730000256
1030.0 98.09482479999951 17.857096399999136
1040.0 100.5699650000006 18.433608899998944
1050.0 108.64280329999929 18.80666679999922
1060.0 106.60042359999989 18.91378579999946
1070.0 110.3979816000001 19.625133699999424
1080.0 118.18189840000014 21.052667899999506
1090.0 116.74360100000013 22.32372629999736
1100.0 119.69767150000007 23.64730630000122
1110.0 134.06464930000038 23.533060599998862
1120.0 129.37634459999936 25.304267999999865
1130.0 133.98270140000022 25.063760599998204
1140.0 144.6891131000002 25.264044199997443
1150.0 141.39405669999996 24.899266299999
1160.0 144.77481930000067 24.95331630000146
1170.0 156.5875962 26.01231960000223
1180.0 153.62613129999954 26.15708580000137
1190.0 156.9086274000001 26.902478999996674
1200.0 169.5884827 27.811989199999516
1210.0 165.57878080000046 28.384522199998173
1220.0 171.05852349999986 30.10215810000227
1230.0 183.51182679999965 31.25675079999928
1240.0 178.05398669999977 31.260579500001768
1250.0 179.06536439999945 32.22212159999981
1260.0 192.18891729999996 33.72511569999915
1270.0 187.6740817 33.7012536000002
1280.0 192.19529070000044 34.524808800000756
1290.0 206.42452159999993 35.03436390000206
1300.0 200.9152436000004 35.08134510000309
1310.0 205.91195909999988 35.858386700001574
1320.0 222.4690271999989 37.561823000000004
1330.0 215.79312310000023 37.85718009999982
1340.0 220.63628170000084 39.2462377999982
1350.0 239.29061050000018 40.97714100000303
1360.0 232.20985110000038 40.652200799999264
1370.0 236.58357819999947 42.03328909999982
1380.0 255.90046319999965 43.736880200001906
1390.0 249.13489420000042 43.705095399996935
1400.0 255.1868609000012 44.882065100002364
1410.0 271.7873373000002 46.46405510000113
1420.0 263.4634142999985 46.268873499997426
1430.0 273.4713313000011 47.09413470000072
1440.0 296.84075309999935 49.31937639999887
1450.0 283.66317940000044 49.476232199998776
1460.0 286.58084729999973 50.55228320000242
1470.0 313.09016770000017 52.99895219999962
1480.0 297.83145759999934 54.46979929999725
1490.0 306.1685373 55.80771079999977
1500.0 328.7618311999995 58.077635000001465
1510.0 319.2488797999995 57.890290899998945
1520.0 324.2878213999993 59.25284499999907
1530.0 354.66941580000093 61.5764053999992
1540.0 336.89072529999976 59.862138000000414
1550.0 346.7666270999998 61.655316699998366
1560.0 372.46547340000143 63.884456700001465
1570.0 360.04922869999973 63.835543599998346
1580.0 365.02796040000067 64.88908459999948
1590.0 406.2302850999986 67.55256770000051
1600.0 387.77847889999975 67.81490579999809
1610.0 397.5471010000001 70.35516599999755
1620.0 426.6611993000006 73.47537250000096
1630.0 415.3666363000011 73.62959779999801
1640.0 457.2684930000032 74.6496901999999
1650.0 508.07567669999844 78.1062256999976
1660.0 462.2687913000009 77.39822099999947
1670.0 477.69877930000075 78.75254370000039
1680.0 512.252526799999 82.38443340000231
1690.0 486.8029131000003 81.78106910000133
1700.0 498.0491446999986 83.20814659999814
1710.0 545.9881124999993 86.98089140000229
1720.0 513.7418308000015 86.53269780000119
1730.0 521.5915815000008 89.47220379999999
1740.0 569.6272441000001 93.27452550000089
1750.0 548.4152321999973 92.70597220000127
