20.0 0.48936029999458697 0.24445829999967827 0.12603159999980562
40.0 0.9547302999999374 0.47483550000015384 0.24587619999965682
60.0 1.4116463999962434 0.704242200000408 0.36550459999943996
80.0 1.8704724999988684 0.9337341000000379 0.4850298000001203
100.0 2.330007199998363 1.1643528000004153 0.6047604999994292
120.0 2.791448699994362 1.3965288999997938 0.7248399000000063
140.0 3.255240300000878 1.6275863000000754 0.8460119000001214
160.0 3.7127065999957267 1.8584725000000617 0.9671536999994714
180.0 4.17190249999112 2.0881594000002224 1.08780089999982
200.0 4.629914299992379 2.3195180000002438 1.2079865999994581
220.0 5.087386100000003 2.552348400000483 1.3303165999996054
240.0 5.5472871999954805 2.785305899999912 1.452557199999319
260.0 6.0049029999936465 3.0151483999998163 1.5770058999996763
280.0 6.463187999994261 3.2446822000001703 1.6982582999999067
300.0 6.923455600001034 3.4742801000002146 1.8185587999996642
320.0 7.38438540000061 3.7041293000002042 1.9389617999995608
340.0 7.842033299995819 3.933896800000184 2.0592730999997
360.0 8.30096739999135 4.1649883000000045 2.179522200000065
380.0 8.759912699999404 4.39493020000009 2.2996244999994815
400.0 9.218399799996405 4.627458799999658 2.421206500000153
420.0 9.676437899994198 4.860593800000061 2.543800399999782
440.0 10.135370100004366 5.090904900000169 2.665472900000168
460.0 10.592805499996757 5.321194600000126 2.7871227999994517
480.0 11.050509599997895 5.552261900000303 2.90792539999984
500.0 11.509495899998 5.782012900000154 3.029203299999608
520.0 11.972921900000074 6.0122416000003795 3.150200899999618
540.0 12.43134129999089 6.242962600000283 3.270721799999592
560.0 12.89058359999035 6.472946300000331 3.393264899999849
580.0 13.350067999999737 6.7046965999998065 3.514871999999741
600.0 13.807859599997755 6.935344600000462 3.63554589999967
620.0 14.266851799999131 7.176208400000178 3.763887199999772
640.0 14.740211500000441 7.4059048999997685 3.88324190000003
660.0 15.198280900003738 7.637248400000317 4.00279799999953
680.0 15.662737799997558 7.868293000000449 4.1214500999994925
700.0 16.12077369999315 8.104132899999968 4.240105699999731
720.0 16.579759699990973 8.335153099999843 4.360338800000136
740.0 17.03948710000259 8.56547049999972 4.481120699999337
760.0 17.50488919999043 8.795084399999723 4.6020330000001195
780.0 17.96190179999394 9.026189400000476 4.722298900000169
800.0 18.42303730000276 9.256051700000171 4.841756499999974
820.0 18.883141600003 9.48618290000013 4.960433199999898
840.0 19.34181979999994 9.715645000000222 5.080878400000074
860.0 19.801025399996433 9.946410900000046 5.202333399999588
880.0 20.263030300004175 10.176584800000455 5.3296252000000095
900.0 20.721258199992008 10.430048999999599 5.451815999999781
920.0 21.181339899994782 10.662362299999586 5.573066699999799
940.0 21.64035829999193 10.89665580000019 5.691951400000107
960.0 22.0987385000044 11.157649200000378 5.810469000000012
980.0 22.55823650000093 11.38880750000044 5.928916899999422
1000.0 23.015650499990443 11.619056499999715 6.056347199999436
1250.0 28.775695599993924 14.4928603999997 7.5486541999998735
1500.0 34.53597470000386 17.374802500000442 9.050508799999989
1750.0 40.33584509999491 20.290509499999644 10.544031299999915
2000.0 46.072597399994265 23.171637700000247 12.032155599999896
2250.0 51.88181550000445 26.0943599000002 13.530498299999635
2500.0 57.607512699993094 29.038023000000067 15.025161799999296
2750.0 63.329644900004496 32.00452519999999 16.516668199999913
3000.0 69.04907589999493 34.98740249999992 18.008655399999952
3250.0 74.78521919999912 37.92816969999967 19.504832499999793
3500.0 80.53768399999535 40.93796190000012 20.988347099999373
3750.0 86.29225949999818 43.88550039999973 22.49673509999957
4000.0 92.03630419999536 46.75919429999976 23.994552199999816
4250.0 97.78112810000312 49.63278189999983 25.512911499999973
4500.0 103.51371559999825 52.510153700000046 27.065924399999858
4750.0 109.27937160000147 55.39934540000013 28.561658999999963
5000.0 115.02491399999417 58.28816569999981 30.0746994000001
5250.0 120.78245659999084 61.1722321999996 31.57690199999979
5500.0 126.52505270000256 64.0566547999997 33.06767099999979
5750.0 132.26042900000175 66.94095379999999 34.566232899999704
6000.0 137.99165209999774 69.8478111000004 36.06066180000016
6250.0 143.80936899999506 72.78620299999966 37.553757399999995
6500.0 149.53835529999924 75.70997590000025 39.085927600000105
6750.0 155.26514989999123 78.67133560000002 40.5993327999995
7000.0 161.01895830000285 81.5900958000002 42.09177480000017
7250.0 166.7825628999999 84.50284190000002 43.57410619999973
7500.0 172.59162720000313 87.40412110000034 45.06989419999991
7750.0 178.3252497999929 90.32258319999983 46.61727869999959
8000.0 184.05517979999422 93.24455680000028 48.17613869999968
8250.0 189.7745649999997 96.16064759999972 49.717416099999355
8500.0 195.47539999999572 99.08042660000046 51.23470709999947
8750.0 201.2601779999968 102.00487909999993 52.755590400000074
9000.0 206.99769819999347 104.91878530000031 54.27626169999985
9250.0 212.7282156000001 107.84187060000022 55.901814799999556
9500.0 218.4760862999974 110.75532099999964 57.418708199999855
9750.0 224.1941189999925 113.67510450000009 58.957274499999585
10000.0 229.93033000000287 116.58782020000035 60.447199100000034
