20.0 0.0194136000063736 0.39656929997727275 0.4178613999974914
40.0 0.03861190000316128 0.41898749995743856 0.43957240000599995
60.0 0.057115300005534664 0.4466950999922119 0.46102570003131405
80.0 0.07545879999815952 0.4696566999773495 0.4826063000364229
100.0 0.09386970000923611 0.4921338999993168 0.5033664000220597
120.0 0.11231189999671187 0.5145807999651879 0.5284251000266522
140.0 0.13090470001043286 0.5369184999726713 0.5493793000350706
160.0 0.149433600003249 0.5580986999557354 0.5696537999901921
180.0 0.1679115000006277 0.5804898999631405 0.5906861000112258
200.0 0.18631770000502001 0.6014312999905087 0.6107549000298604
220.0 0.20470620000560302 0.6231295999605209 0.6322230999940075
240.0 0.22311500000068918 0.6445911999908276 0.6569273000350222
260.0 0.24154750000161584 0.6657057999982499 0.6810747000272386
280.0 0.25997060000372585 0.688021799956914 0.7100386000238359
300.0 0.2784109000058379 0.7090480999904685 0.7347754000220448
320.0 0.2968606000067666 0.7299534999765456 0.7556217000237666
340.0 0.31534290000854526 0.7520676999702118 0.776056700036861
360.0 0.3337433999986388 0.7735596999991685 0.7975702999974601
380.0 0.3522540999983903 0.7950776999932714 0.8183989000390284
400.0 0.37068720000388566 0.8158021999988705 0.8383288999903016
420.0 0.38911730000108946 0.8408102999674156 0.8574095999938436
440.0 0.40754329999617767 0.8646826999611221 0.8771778999944218
460.0 0.42597209999803454 0.8857215999742039 0.8966187000041828
480.0 0.4443816999992123 0.9066365999751724 0.9163735000183806
500.0 0.4627515000029234 1.0208726999699138 1.0443314000149257
520.0 0.4811960000079125 1.0416369999875315 1.0648316000006162
540.0 0.4996862999978475 1.0625925999484025 1.0875528000178747
560.0 0.5273467000079108 1.0833392999484204 1.1194560000440106
580.0 0.5458104999997886 1.104312999988906 1.1445373999886215
600.0 0.5642061999969883 1.136712199950125 1.1660275000031106
620.0 0.5826495000073919 1.157836199970916 1.1861570000182837
640.0 0.601006500000949 1.1786149999825284 1.2060003000078723
660.0 0.6193391999986488 1.2011453000013717 1.227933500020299
680.0 0.6379551999998512 1.225446099997498 1.247888799989596
700.0 0.656652200006647 1.2473280999693088 1.2740697000408545
720.0 0.675166300003184 1.2697431999840774 1.3074397000018507
740.0 0.693767899996601 1.2918452000012621 1.336362000030931
760.0 0.7124115000042366 1.3135630000033416 1.3647276000119746
780.0 0.7310246999986703 1.334521799988579 1.3906533000408672
800.0 0.7495823000062956 1.3555153000052087 1.4210214000195265
820.0 0.7680881999986013 1.377055199991446 1.4516676000203006
840.0 0.7866463999962434 1.39783669996541 1.4855683000059798
860.0 0.8051726999983657 1.420897000003606 1.5219968000310473
880.0 0.8237476000067545 1.4423769999993965 1.549091499997303
900.0 0.8422760000103153 1.4633758999989368 1.5741356000071391
920.0 0.8608003999979701 1.4854648999753408 1.5977415000088513
940.0 0.8793235000048298 1.5065260999836028 1.6203888999880292
960.0 0.8977897000004305 1.5282289999886416 1.6413816999993287
980.0 0.9162238999997498 1.5491181999677792 1.660931000020355
1000.0 0.9346557999961078 1.5702111999853514 1.6801465000025928
1250.0 1.1644055000069784 1.8270019999472424 1.9423867000150494
1500.0 1.3922583000094164 2.2218268999713473 2.384341199998744
1750.0 1.6212115000089398 2.476879099966027 2.6854281999985687
2000.0 1.8500596000085352 2.737927199981641 2.9356341999955475
2250.0 2.078292699996382 2.9953962999861687 3.1922867000102997
2500.0 2.3233708000043407 3.258678499958478 3.4490115999942645
2750.0 2.558033900000737 3.6962323999614455 3.874031700019259
3000.0 2.7880301999975927 3.9503676999593154 4.112545599986333
3250.0 3.0172380000003614 4.21430239995243 4.350146999990102
3500.0 3.2469038999988697 4.470504399971105 4.588515300012659
3750.0 3.475645300000906 4.7284641999867745 4.827989700017497
4000.0 3.70368230000895 5.206099399947561 5.300995300000068
4250.0 3.9316760000074282 5.4742408999591134 5.5399786999914795
4500.0 4.159521699999459 5.727304200001527 5.773720299999695
4750.0 4.388063400008832 5.981669600005262 6.007228900038172
5000.0 4.6156148000009125 6.2398233999847434 6.239508800033946
5250.0 4.8458569000067655 6.493415599979926 6.484087400021963
5500.0 5.0739163999969605 7.036005899950396 7.055832499987446
5750.0 5.302182900006301 7.289810899994336 7.329559900041204
6000.0 5.530958800009103 7.547134799999185 7.57588710001437
6250.0 5.7599734000104945 7.800190599984489 7.824093200033531
6500.0 5.987521800008835 8.056406099989545 8.054363500035834
6750.0 6.215041800009203 8.311126799962949 8.288710099994205
7000.0 6.4432303000066895 8.566238200000953 8.520295399997849
7250.0 6.6723822000058135 9.178464900003746 9.119949500018265
7500.0 6.900545099997544 9.432343799970113 9.35305979999248
7750.0 7.129662899998948 9.685856099997181 9.606556300015654
8000.0 7.359141699998872 9.939525299996603 9.859535399999004
8250.0 7.587073800008511 10.214398999989498 10.09401220001746
8500.0 7.8152224000077695 10.471818799967878 10.342343299998902
8750.0 8.044526500001666 10.732119899999816 10.583833799988497
9000.0 8.272235399999772 10.987835499981884 10.824506400036626
9250.0 8.501308799997787 11.691082099976484 11.49224970000796
9500.0 8.729068400003598 11.9435872999602 11.737540900008753
9750.0 8.958358600008069 12.207313299993984 11.972734600014519
10000.0 9.185643300006632 12.463959599961527 12.204478300001938
