20.0 2.4800014216452837e-05 0.001077399996574968 0.0013952000008430332
40.0 6.500002928078175e-05 0.0002736999886110425 0.0006596999883186072
60.0 0.00013530004071071744 0.00036509998608380556 0.0011005999986082315
80.0 0.00023609999334439635 0.0004653000505641103 0.0017688999942038208
100.0 0.0003610999556258321 0.0008007000433281064 0.001648000004934147
120.0 0.0005103000439703465 0.0006216999609023333 0.001879399991594255
140.0 0.0006853999802842736 0.0007581000099889934 0.002312199998414144
160.0 0.000896700017619878 0.0008216000278480351 0.002998899988597259
180.0 0.0011467000003904104 0.000944300030823797 0.003498799982480705
200.0 0.0013900999911129475 0.0014881000388413668 0.0028688999882433563
220.0 0.0016602999530732632 0.0011403000098653138 0.0032017999910749495
240.0 0.001988600008189678 0.0012508999789133668 0.0038155000074766576
260.0 0.002362900006119162 0.0013238999526947737 0.004073499992955476
280.0 0.0027422999846749008 0.001375799998641014 0.0039724999805912375
300.0 0.0032353000133298337 0.0014816000475548208 0.004579300002660602
320.0 0.0037466000067070127 0.0015934000257402658 0.004769699997268617
340.0 0.004205500008538365 0.0016830000095069408 0.0060400000074878335
360.0 0.004916600009892136 0.001989100011996925 0.005298399977618828
380.0 0.005510499991942197 0.0018761000246740878 0.006433600006857887
400.0 0.005930199986323714 0.0019955000025220215 0.005552099988562986
420.0 0.00658409995958209 0.0020964000141248107 0.006174499983899295
440.0 0.0074466000078246 0.002420000033453107 0.006983400002354756
460.0 0.007940899988170713 0.0024049999774433672 0.008107599976938218
480.0 0.008742900041397661 0.002662800019606948 0.007311300025321543
500.0 0.009555700002238154 0.0027617000159807503 0.007435400009853765
520.0 0.010382500011473894 0.00299440004164353 0.007969000027514994
540.0 0.011228499992284924 0.0035859000054188073 0.010575099993729964
560.0 0.012124800006859004 0.0035398000036366284 0.011062399978982285
580.0 0.013082999968901277 0.0035669999779202044 0.01016540001728572
600.0 0.01432280003791675 0.0037820999859832227 0.010704199987230822
620.0 0.015428199956659228 0.004127299995161593 0.009770200005732477
640.0 0.01647519995458424 0.00431429996388033 0.010281599999871105
660.0 0.017294299963396043 0.0046514999703504145 0.012187300017103553
680.0 0.018406599992886186 0.004805200034752488 0.014624700008425862
700.0 0.019604100030846894 0.005132099962793291 0.012737699988065287
720.0 0.020771700015757233 0.005545600026380271 0.015994899993529543
740.0 0.02199030003976077 0.005799800041131675 0.015190699981758371
760.0 0.02329649997409433 0.005947700003162026 0.01869480000459589
780.0 0.02416490000905469 0.006207300000824034 0.013487799995345995
800.0 0.025519399961922318 0.006475400005001575 0.01995869999518618
820.0 0.02734030003193766 0.006860200024675578 0.018478100013453513
840.0 0.02829990000464022 0.007315399998333305 0.021795500011648983
860.0 0.029679000028409064 0.007543500047177076 0.022004099999321625
880.0 0.03118920000270009 0.007977799978107214 0.022059999988414347
900.0 0.03266640001675114 0.008176200033631176 0.02006519999122247
920.0 0.03479280002648011 0.00858879997394979 0.02054559998214245
940.0 0.036453899985644966 0.009140400041360408 0.02168920001713559
960.0 0.037476700032129884 0.00956520001636818 0.01929359999485314
980.0 0.039077900000847876 0.009650799969676882 0.020110800018301234
1000.0 0.04118679999373853 0.010172200039960444 0.024614800000563264
1250.0 0.06477250001626089 0.015373800008092076 0.02797729999292642
1500.0 0.09429129998898134 0.022303199977613986 0.0389036999840755
1750.0 0.12774079997325316 0.02981129998806864 0.06647260001045652
2000.0 0.16828349995194003 0.03914830001303926 0.08890050000627525
2250.0 0.21318120002979413 0.04808639996917918 0.08586379999178462
2500.0 0.2640208999509923 0.05896809999831021 0.10470709999208339
2750.0 0.3204161000321619 0.0715026999823749 0.11967769998591393
3000.0 0.3766984999529086 0.08457990002352744 0.14703089999966323
3250.0 0.44384740001987666 0.10652189998654649 0.1574964000028558
3500.0 0.5162504999898374 0.11427259998163208 0.17282529998919927
3750.0 0.5913631999865174 0.13338349998230115 0.21321489999536425
4000.0 0.6740627000108361 0.1703735000337474 0.25102190001052804
4250.0 0.7653659000061452 0.1754912000033073 0.2603135999816004
4500.0 0.8529376999940723 0.18572980002500117 0.27501979999942705
4750.0 0.9505055000190623 0.2109618000104092 0.3622050000121817
5000.0 1.0553738999878988 0.23061070003313944 0.42248219999601133
5250.0 1.1671611999627203 0.28180779999820516 0.39701670000795275
5500.0 1.2809047999908216 0.29819230001885444 0.42114829999627545
5750.0 1.3994170000078157 0.30601359996944666 0.4924991999869235
6000.0 1.5254576000152156 0.33545440004672855 0.5682784999953583
6250.0 1.7379283000482246 0.39972129999659956 0.5514477000106126
6500.0 1.812951800005976 0.4980630000354722 0.5774425000126939
6750.0 2.155302800005302 0.4730101000168361 0.618276799999876
7000.0 2.076523800031282 0.49010150000685826 0.6279548000020441
7250.0 2.2363202000269666 0.485985100036487 0.673244200006593
7500.0 2.3888002000167035 0.5156952000106685 0.6721483999863267
7750.0 2.551186900003813 0.5535130999633111 0.7653781999833882
8000.0 2.71470589999808 0.5820015000062995 0.8330402999999933
8250.0 2.90029570000479 0.6343856999883428 0.8359459999774117
8500.0 3.0974115999997593 0.6580716999596916 0.9576052999764215
8750.0 3.252546000003349 0.7249063000199385 0.9731070999987423
9000.0 3.4478831000160426 0.7799278000020422 1.023997500014957
9250.0 3.644525999960024 0.7969869000371546 1.0355453999945894
9500.0 3.8518834999995306 0.8254368000198156 1.159733700013021
9750.0 4.043408500030637 0.8739267000346445 1.2612069000024348
10000.0 4.253518100013025 0.9208034999901429 1.2270392999926116
11000.0 5.15326999995159 1.1080297000007704 1.496122499986086
12000.0 6.384179499989841 1.2979661999852397 1.7901277000200935
13000.0 7.220075199962594 1.562072500004433 2.081487199990079
14000.0 8.364024500013329 1.8009896000148728 2.4435867999854963
15000.0 9.595853799954057 2.050381799985189 2.76945930000511
16000.0 11.092731399985496 2.3248158000060357 3.118416999990586
17000.0 12.355885899974965 2.6375307999551296 3.572780899994541
18000.0 13.902600700035691 2.9487025999696925 3.8762708000140265
19000.0 15.407854499993846 3.3182385999825783 4.379463199991733
20000.0 17.049597700010054 3.655199700035155 5.107199299993226
21000.0 18.81567099998938 4.020387299999129 5.312233699980425
22000.0 20.73329659999581 4.397708100033924 5.825822500017239
23000.0 22.576723199978005 4.872583499993198 6.471315000002505
24000.0 24.5410992000252 5.23894010001095 6.987764100020286
25000.0 26.668754099984653 5.673021299997345 7.5604664999991655
26000.0 28.805582400003914 6.151743599970359 8.12179269999615
27000.0 31.08462129998952 6.599638900021091 8.860559000022477
28000.0 33.52456849999726 7.1235060000326484 9.283293899992714
29000.0 35.90832899999805 7.609999199979939 10.138075299997581
30000.0 38.3762066999916 8.136564900050871 10.731467000005068
31000.0 41.09450770000694 8.740380999981426 11.584184300008928
32000.0 44.35147520003375 9.26501889998326 12.146816899999976
33000.0 46.602223000023514 9.898940699989907 13.276440899993759
34000.0 49.7121160000097 10.820721800031606 13.671824099990772
35000.0 52.4326005000039 11.168998199980706 14.948574900015956
36000.0 55.70509549998678 11.819477300043218 15.69061469999724
37000.0 59.073565100028645 12.48423180001555 16.442324400006328
38000.0 62.103816199989524 13.203055599995423 17.128763799992157
39000.0 65.12967860000208 13.901591400033794 18.266184700012673
40000.0 68.77410869998857 14.559218899987172 19.006985799991526
41000.0 72.08840700000292 15.384683599986602 20.015442300005816
42000.0 75.88278000004357 16.2605356000131 21.28335340000922
43000.0 79.02510750002693 17.01452959998278 21.954600900004152
44000.0 82.83140189998085 17.92243919998873 23.329406000004383
45000.0 86.74953490000917 18.587746300036088 24.33168350000051
46000.0 90.73407940001925 19.362614000041503 25.257190400006948
47000.0 94.69711380003719 20.130913499975577 26.611313600005815
48000.0 98.80263600003673 21.318483200040646 27.608337400015444
49000.0 102.68289239995647 22.75297850003699 28.404787100007525
50000.0 107.07659720000811 23.382916299975477 29.564098200004082
51000.0 111.45577580004465 24.54714929999318 31.317322700022487
52000.0 115.86655910004629 24.96803510002792 32.01649290000205
53000.0 120.53849510004511 26.591047500027344 33.57616970001254
54000.0 124.99145450000651 26.968076599994674 34.747693699988304
55000.0 129.5037188999704 28.83575899997959 35.76866209998843
56000.0 134.01173540001037 29.342593999987002 37.5588089999801
57000.0 138.8510593000101 30.402848900004756 38.32338450002135
58000.0 143.8195133000263 31.216091000009328 39.99905499999295
59000.0 148.49310539994622 32.2735780000221 41.093969600013224
60000.0 153.92619750002632 33.06485809996957 42.73287340000388
61000.0 159.2545562000014 34.286498600034975 43.95202820000122
62000.0 164.31598869996378 35.44961740000872 45.93705969999428
63000.0 169.90653789998032 36.48769759997958 47.74734670002363
64000.0 175.01199970000016 37.65702679997776 48.887836399982916
65000.0 180.2787778999991 38.987207200028934 51.581056900002295
66000.0 185.8130287999993 40.33582819998264 53.259570000023814
67000.0 191.5593641000014 41.38251849997323 53.9302003000048
68000.0 197.79144720000113 42.634132399980444 55.29076519998489
69000.0 202.95356769999853 43.901094699976966 57.49702549999347
70000.0 209.16901879999932 45.26745490002213 59.295774899976095
71000.0 215.2467340000003 46.587487400043756 61.8026758999913
