20.0 2.670002868399024e-05 1.8499966245144606e-05 1.1400028597563505e-05 2.4800014216452837e-05 0.001077399996574968
40.0 7.040001219138503e-05 4.47999918833375e-05 2.6500027161091566e-05 6.500002928078175e-05 0.0002736999886110425
60.0 0.00014369998825713992 9.599997429177165e-05 5.1799986977130175e-05 0.00013530004071071744 0.00036509998608380556
80.0 0.0002587999915704131 0.00017289997776970267 8.719996549189091e-05 0.00023609999334439635 0.0004653000505641103
100.0 0.0003895999980159104 0.0002652999828569591 0.0001309000072069466 0.0003610999556258321 0.0008007000433281064
120.0 0.0005597000126726925 0.00037650001468136907 0.0001832999987527728 0.0005103000439703465 0.0006216999609023333
140.0 0.0007465000380761921 0.0005043999990448356 0.0002413999754935503 0.0006853999802842736 0.0007581000099889934
160.0 0.0009874999523162842 0.000666000007186085 0.00031380000291392207 0.000896700017619878 0.0008216000278480351
180.0 0.0012300999951548874 0.0008341000066138804 0.00039139995351433754 0.0011467000003904104 0.000944300030823797
200.0 0.0015156000154092908 0.0010289999772794545 0.0004838000168092549 0.0013900999911129475 0.0014881000388413668
220.0 0.0018297000206075609 0.0012391999480314553 0.000569600029848516 0.0016602999530732632 0.0011403000098653138
240.0 0.0021756000351160765 0.0014703000197187066 0.0006738000083714724 0.001988600008189678 0.0012508999789133668
260.0 0.002586200018413365 0.0017381000216118991 0.0008016999927349389 0.002362900006119162 0.0013238999526947737
280.0 0.003001700039021671 0.002018700004555285 0.0009825000306591392 0.0027422999846749008 0.001375799998641014
300.0 0.0034732999629341066 0.002342499967198819 0.0011117999674752355 0.0032353000133298337 0.0014816000475548208
320.0 0.004067799949552864 0.002805399999488145 0.0013077000039629638 0.0037466000067070127 0.0015934000257402658
340.0 0.004453900037333369 0.0031274999491870403 0.0016398000298067927 0.004205500008538365 0.0016830000095069408
360.0 0.005087299970909953 0.003560999990440905 0.0017615000251680613 0.004916600009892136 0.001989100011996925
380.0 0.005713300022762269 0.003995499981101602 0.0019802999449893832 0.005510499991942197 0.0018761000246740878
400.0 0.0065454000141471624 0.004488299950025976 0.0023054000339470804 0.005930199986323714 0.0019955000025220215
420.0 0.007026400009635836 0.005165299982763827 0.002426800027024001 0.00658409995958209 0.0020964000141248107
440.0 0.007927700004074723 0.0055887000053189695 0.0026412999723106623 0.0074466000078246 0.002420000033453107
460.0 0.009088100050576031 0.00621819996740669 0.0029007000266574323 0.007940899988170713 0.0024049999774433672
480.0 0.009342000004835427 0.006829999969340861 0.003185699984896928 0.008742900041397661 0.002662800019606948
500.0 0.010256699984893203 0.007541800034232438 0.003466000023763627 0.009555700002238154 0.0027617000159807503
520.0 0.011161400005221367 0.008260699978563935 0.0037644999683834612 0.010382500011473894 0.00299440004164353
540.0 0.012065100017935038 0.008993799972813576 0.004069100017659366 0.011228499992284924 0.0035859000054188073
560.0 0.013026800006628036 0.009773800033144653 0.004399199970066547 0.012124800006859004 0.0035398000036366284
580.0 0.014095599995926023 0.010552700026892126 0.004771100007928908 0.013082999968901277 0.0035669999779202044
600.0 0.015519400010816753 0.011442799994256347 0.005096199980471283 0.01432280003791675 0.0037820999859832227
620.0 0.016673100006300956 0.012358599982690066 0.005408999975770712 0.015428199956659228 0.004127299995161593
640.0 0.017852199962362647 0.013222299981862307 0.005755299993325025 0.01647519995458424 0.00431429996388033
660.0 0.019018999999389052 0.01418190001277253 0.0061175000155344605 0.017294299963396043 0.0046514999703504145
680.0 0.020344599965028465 0.0151655999943614 0.006528199999593198 0.018406599992886186 0.004805200034752488
700.0 0.02169830002821982 0.016196700045838952 0.006947499990928918 0.019604100030846894 0.005132099962793291
720.0 0.02296769997337833 0.017277800012379885 0.007413200044538826 0.020771700015757233 0.005545600026380271
740.0 0.024425200012046844 0.018629099999088794 0.007829000009223819 0.02199030003976077 0.005799800041131675
760.0 0.025852199993096292 0.019513900042511523 0.008272600010968745 0.02329649997409433 0.005947700003162026
780.0 0.027383400010876358 0.020661899994593114 0.008682800049427897 0.02416490000905469 0.006207300000824034
800.0 0.028170800011139363 0.02209230000153184 0.009148800047114491 0.025519399961922318 0.006475400005001575
820.0 0.029919799999333918 0.024326799961272627 0.009928599989507347 0.02734030003193766 0.006860200024675578
840.0 0.03164529998321086 0.0248524000053294 0.01065999997081235 0.02829990000464022 0.007315399998333305
860.0 0.03318640001816675 0.026122499955818057 0.010554699983913451 0.029679000028409064 0.007543500047177076
880.0 0.03469509998103604 0.027400500024668872 0.011489600001368672 0.03118920000270009 0.007977799978107214
900.0 0.03642519999993965 0.028755399980582297 0.011520400003064424 0.03266640001675114 0.008176200033631176
920.0 0.03808309999294579 0.030631300003733486 0.012626000039745122 0.03479280002648011 0.00858879997394979
940.0 0.04099459998542443 0.032084699952974916 0.012590099999215454 0.036453899985644966 0.009140400041360408
960.0 0.042494699999224395 0.0331362999859266 0.013254199991934001 0.037476700032129884 0.00956520001636818
980.0 0.04368340002838522 0.03462349995970726 0.013722000003326684 0.039077900000847876 0.009650799969676882
1000.0 0.04556659999070689 0.0369391999556683 0.014714899996761233 0.04118679999373853 0.010172200039960444
1250.0 0.07405739999376237 0.0591174999717623 0.02274129999568686 0.06477250001626089 0.015373800008092076
1500.0 0.10833249997813255 0.08771309995790944 0.03251250000903383 0.09429129998898134 0.022303199977613986
1750.0 0.14939789997879416 0.12093139998614788 0.04453409998677671 0.12774079997325316 0.02981129998806864
2000.0 0.19612139998935163 0.15950960002373904 0.05800449999514967 0.16828349995194003 0.03914830001303926
2250.0 0.24870779999764636 0.2051404999801889 0.07389850000618026 0.21318120002979413 0.04808639996917918
2500.0 0.30685220001032576 0.2575825999956578 0.09035290003521368 0.2640208999509923 0.05896809999831021
2750.0 0.3727530000032857 0.31383489997824654 0.10868710000067949 0.3204161000321619 0.0715026999823749
3000.0 0.4453708999790251 0.37143489997833967 0.12964060000376776 0.3766984999529086 0.08457990002352744
3250.0 0.5216876000049524 0.43700520001584664 0.15184760000556707 0.44384740001987666 0.10652189998654649
3500.0 0.6062858999939635 0.5102214000071399 0.17660040000919253 0.5162504999898374 0.11427259998163208
3750.0 0.6983990999870002 0.5896445999969728 0.20262469997396693 0.5913631999865174 0.13338349998230115
4000.0 0.7958240000298247 0.6696692000259645 0.23079770000185817 0.6740627000108361 0.1703735000337474
4250.0 0.9006127999746241 0.7640280000050552 0.2601402000291273 0.7653659000061452 0.1754912000033073
4500.0 1.0133809999679215 0.8578747000428848 0.29147660004673526 0.8529376999940723 0.18572980002500117
4750.0 1.129777299996931 0.9521178000140935 0.32463429996278137 0.9505055000190623 0.2109618000104092
5000.0 1.2525107000255957 1.0599282000330277 0.3594116999884136 1.0553738999878988 0.23061070003313944
5250.0 1.3833158999914303 1.1752938000136055 0.3966939000529237 1.1671611999627203 0.28180779999820516
5500.0 1.5250160000286996 1.2844681999995373 0.43728170002577826 1.2809047999908216 0.29819230001885444
5750.0 1.667352199961897 1.4115806000190787 0.47626470000250265 1.3994170000078157 0.30601359996944666
6000.0 1.8179713999852538 1.5333375000045635 0.5175453999545425 1.5254576000152156 0.33545440004672855
6250.0 1.9783367000054568 1.6878441000008024 0.5615781000233255 1.7379283000482246 0.39972129999659956
6500.0 2.1691509000374936 1.8568746999953873 0.6205261999857612 1.812951800005976 0.4980630000354722
6750.0 2.3598230999778025 1.9540921000298113 0.6574480999843217 2.155302800005302 0.4730101000168361
7000.0 2.5107672000303864 2.0967264999635518 0.7065169999841601 2.076523800031282 0.49010150000685826
7250.0 2.6757712999824435 2.2544973000185564 0.7562674999935552 2.2363202000269666 0.485985100036487
7500.0 2.8521802000468597 2.417296899948269 0.8084523999714293 2.3888002000167035 0.5156952000106685
7750.0 3.0412734000128694 2.593949700007215 0.8670685000251979 2.551186900003813 0.5535130999633111
8000.0 3.234792799979914 2.746716500027105 0.9195464000222273 2.71470589999808 0.5820015000062995
8250.0 3.474471400026232 2.9347008000477217 0.9793991000042297 2.90029570000479 0.6343856999883428
8500.0 3.6727373999892734 3.1438233999651857 1.0487939000013284 3.0974115999997593 0.6580716999596916
8750.0 3.8914465000270866 3.3145936999935657 1.1001619000453502 3.252546000003349 0.7249063000199385
9000.0 4.166053599969018 3.500834100006614 1.1628057999769226 3.4478831000160426 0.7799278000020422
9250.0 4.3543899999931455 3.748412799963262 1.2330686000059359 3.644525999960024 0.7969869000371546
9500.0 4.604358999989927 3.893048700003419 1.319112099998165 3.8518834999995306 0.8254368000198156
9750.0 4.988310699991416 4.143777699966449 1.3914697000291198 4.043408500030637 0.8739267000346445
10000.0 5.099443700048141 4.318616700009443 1.4460920999990776 4.253518100013025 0.9208034999901429
11000.0 6.217693299986422 5.235911800002214 1.7608527999836951 5.15326999995159 1.1080297000007704
12000.0 7.364563100039959 6.279815800022334 2.0824320999672636 6.384179499989841 1.2979661999852397
13000.0 8.923798300034832 7.498314899974503 2.4492246999870986 7.220075199962594 1.562072500004433
14000.0 10.152419099991675 8.739988000015728 2.857958899985533 8.364024500013329 1.8009896000148728
15000.0 11.545105500030331 9.914779499988072 3.238895499962382 9.595853799954057 2.050381799985189
16000.0 13.278003399958834 11.218562600028235 3.7373489000019617 11.092731399985496 2.3248158000060357
17000.0 14.86452120001195 12.586200600024313 4.188708500005305 12.355885899974965 2.6375307999551296
18000.0 16.658999899984337 14.181883400015067 4.646682900027372 13.902600700035691 2.9487025999696925
19000.0 18.527812999964226 15.786694799957331 5.252569800009951 15.407854499993846 3.3182385999825783
20000.0 20.546705599990673 17.4848966000136 5.791905799997039 17.049597700010054 3.655199700035155
21000.0 22.723584799969103 19.37446610000916 6.320757300010882 18.81567099998938 4.020387299999129
22000.0 24.870031200000085 21.1639245999977 6.955206400016323 20.73329659999581 4.397708100033924
23000.0 27.165424200007692 23.29670350003289 7.625682900019456 22.576723199978005 4.872583499993198
24000.0 29.735909500042908 25.27327599999262 8.210617000004277 24.5410992000252 5.23894010001095
25000.0 32.06088170001749 27.330425899999682 8.946357499982696 26.668754099984653 5.673021299997345
26000.0 34.68459259998053 29.642996399954427 9.705215699970722 28.805582400003914 6.151743599970359
27000.0 37.431794599979185 31.918605700018816 10.522909199993592 31.08462129998952 6.599638900021091
28000.0 40.52724450000096 34.320206800010055 11.24641890003113 33.52456849999726 7.1235060000326484
29000.0 43.15579129999969 36.888870499969926 11.974117900012061 35.90832899999805 7.609999199979939
30000.0 46.45813410001574 39.59809280000627 12.879952699993737 38.3762066999916 8.136564900050871
31000.0 49.52799810003489 42.140976099995896 13.808154799975455 41.09450770000694 8.740380999981426
32000.0 53.626573999994434 45.2920345000457 14.875995700014755 44.35147520003375 9.26501889998326
33000.0 56.06431240000529 48.187969400023576 15.662949699966703 46.602223000023514 9.898940699989907
34000.0 59.8206341000041 51.02068140002666 16.52545650000684 49.7121160000097 10.820721800031606
35000.0 63.88731749996077 53.89712730003521 17.49296790000517 52.4326005000039 11.168998199980706
36000.0 66.9919482000405 57.27548350003781 18.9522399000125 55.70509549998678 11.819477300043218
37000.0 70.79880470002536 61.581534500001 19.72505100001581 59.073565100028645 12.48423180001555
38000.0 75.44220339995809 64.13932239997666 20.60402139998041 62.103816199989524 13.203055599995423
39000.0 78.58429410000099 67.31819499999983 21.726210699998774 65.12967860000208 13.901591400033794
40000.0 82.81908680003835 70.84970259998227 22.980371100013144 68.77410869998857 14.559218899987172
41000.0 86.89173180004582 74.50077430001693 24.100806100002956 72.08840700000292 15.384683599986602
42000.0 90.95896750001702 78.14576270000543 25.33819580002455 75.88278000004357 16.2605356000131
43000.0 95.68639279995114 81.64580639998894 26.61316639999859 79.02510750002693 17.01452959998278
44000.0 100.10212460003095 85.29382189997705 27.708930899971165 82.83140189998085 17.92243919998873
45000.0 104.54288640001323 89.60745850001695 29.06728730001487 86.74953490000917 18.587746300036088
46000.0 110.19942009996157 93.09580389998155 30.098086300014984 90.73407940001925 19.362614000041503
47000.0 114.38831830001436 98.32762860000366 31.56279120000545 94.69711380003719 20.130913499975577
48000.0 119.09306469996227 101.67373689997476 32.817168900044635 98.80263600003673 21.318483200040646
49000.0 124.417744699982 105.65141420002328 34.12789349997183 102.68289239995647 22.75297850003699
50000.0 129.81287089997204 110.23577920004027 35.737529499980155 107.07659720000811 23.382916299975477
51000.0 134.29325400001835 114.89983479998773 37.2092294000322 111.45577580004465 24.54714929999318
52000.0 140.3256248999969 119.24466319999192 38.497440900013316 115.86655910004629 24.96803510002792
53000.0 144.82549690001179 124.39784439996583 40.15297619998455 120.53849510004511 26.591047500027344
54000.0 151.44459369999822 128.44819749996532 41.47813760000281 124.99145450000651 26.968076599994674
55000.0 156.3664803999709 133.20189279998885 43.234637500019744 129.5037188999704 28.83575899997959
56000.0 162.08788549999008 138.2470794999972 44.640241600049194 134.01173540001037 29.342593999987002
57000.0 167.93692210002337 143.66604060004465 46.2236433000071 138.8510593000101 30.402848900004756
58000.0 173.83318079996388 148.6395452999859 48.06344040000113 143.8195133000263 31.216091000009328
59000.0 180.3329223000328 154.21334859996568 50.0102589999442 148.49310539994622 32.2735780000221
60000.0 187.07302509999136 159.05693750001956 51.49662900000112 153.92619750002632 33.06485809996957
61000.0 192.5274883999955 163.70371760003036 52.91095779999159 159.2545562000014 34.286498600034975
62000.0 199.7812829000177 169.3394575000275 54.58890939998673 164.31598869996378 35.44961740000872
63000.0 205.11938609997742 175.23193819995504 56.41520109999692 169.90653789998032 36.48769759997958
64000.0 211.605349999998 181.51204289999805 58.24879409999994 175.01199970000016 37.65702679997776
65000.0 219.62930920000144 186.75301979999858 59.96586810000008 180.2787778999991 38.987207200028934
66000.0 224.9483626000001 191.84446649999882 61.52095349999945 185.8130287999993 40.33582819998264
67000.0 231.83834059999936 198.00379419999808 63.65688339999906 191.5593641000014 41.38251849997323
68000.0 239.33962990000146 204.06718819999878 65.52639569999883 197.79144720000113 42.634132399980444
69000.0 245.03056339999966 209.76990139999907 67.63793649999934 202.95356769999853 43.901094699976966
70000.0 253.88017930000206 216.0962612000003 69.33021839999856 209.16901879999932 45.26745490002213
71000.0 260.2430733000001 222.7795851999981 71.58328790000087 215.2467340000003 46.587487400043756
72000.0 266.83639839999523 228.48253219999606 73.4391781000013 221.50059820000024 47.89206069998909
73000.0 277.4714935999946 234.81735900000058 75.59722210000473 227.8037073000014 49.31881650001742
74000.0 283.1535914999986 241.51821019999625 77.77577579999343 234.10034359999554 50.60618719999911
