20000.0 7.456085203999976 3.553840478999973 3.5269741040000326 2.6749552149999545 2.0218353969999043 1.9273146820000875 2.3732307919999585
40000.0 23.339677023000036 11.20509370300033 10.94957000300002 8.07832267799995 5.7431392600001345 4.856923147000089 5.251160466000329
60000.0 61.722934764 29.70691524699987 28.984391308 21.19646683499991 14.631723601999965 11.873666980000053 11.945121578999988
80000.0 101.45454773799997 49.73044121300018 48.07596963000003 35.09619198099995 23.91316367399986 18.949100393999743 18.364826833999814
100000.0 174.12953997499994 85.79662137300011 82.82428372400005 60.351493466999955 41.26870061499994 32.04158600500023 29.860892322999916
120000.0 107.35835155200004 53.289911331999974 51.480677241999956 37.21945214200014 25.350698791000013 19.557465728999887 17.749658059000012
140000.0 96.66087428000003 47.65022812500001 46.31725006199997 33.5227457850001 22.651387159000024 17.36693545800017 15.749948458999825
160000.0 170.8862161579999 84.57428351300041 82.15703361800001 59.275209614000005 39.63649479700007 30.55141497500017 30.776239451000038
180000.0 309.0039031829999 150.99812722999968 141.88241293299996 106.05454060500006 70.98549874900027 54.064915651999854 47.99232893299995
200000.0 319.28470646000005 155.8110947340001 146.212181622 109.00539932699985 73.18994827799997 55.584894566 48.63550420299998
220000.0 561.3437019770001 276.1362968459998 260.2438715400001 191.5760478809998 127.82949323000003 97.0636074580002 84.82751046400017
240000.0 499.99483822499997 242.90738631600016 229.70721166199996 170.32077442499985 114.2642684829998 85.80460695300008 74.48033465800017
