2.0 1.0138361819999773 2.6749552149999545 1.1661594489999914 1.9273146820000875
4.0 1.6325070370003232 8.07832267799995 1.3337372130000062 4.856923147000089
6.0 3.161480929999925 21.19646683499991 2.2369653140000025 11.873666980000053
8.0 4.1370331590001115 35.09619198099995 2.703041191000011 18.949100393999743
10.0 4.8887102120002055 60.351493466999955 3.0270569609999995 32.04158600500023
12.0 10.065441060000012 37.21945214200014 5.985610191999996 19.557465728999887
14.0 8.777957080000306 33.5227457850001 5.086287671999997 17.36693545800017
16.0 10.699095362000207 59.275209614000005 6.050652262 30.55141497500017
18.0 11.967452185000184 106.05454060500006 6.680520804999986 54.064915651999854
20.0 29.7682586169999 109.00539932699985 16.380781071 55.584894566
22.0 16.198301358999743 191.5760478809998 8.916802048000022 97.0636074580002
24.0 31.254254176999893 170.32077442499985 17.01212182400002 85.80460695300008
