0.1 1.1335176540001157 0.5896327979999114 0.5714690109998628 0.4351494329998786 0.33075182900029176 0.3319891579999421 0.45677906999999607
0.2 2.3416277169999375 1.1754721779998363 1.172817527999996 0.8744829450001816 0.6768237950000184 0.6230610130000969 0.8507196789999938
0.3 3.651946473999942 1.7991751609997664 1.8427658339996924 1.379219305999868 1.0233731010002884 0.9279615059999742 1.2412842779999949
0.4 5.062169165000114 2.4857765149999977 2.5399940459997197 1.8938534970002365 1.423279008999998 1.2472215970001344 1.6438299459999968
0.5 6.5805791699999645 3.2221016699995744 3.313851665999664 2.472413797000172 1.8196961980002015 1.5823263050001515 2.062534381000006
0.6 8.201957609000146 3.9917810609999833 4.110652962999666 3.0592577759998676 2.2724531180001577 1.9330436700001883 2.495822294000007
0.7 9.929577321000124 4.827988121999624 4.958035450999887 3.6807213400002183 2.7193049679999604 2.301286433000314 2.945846603999996
0.8 11.759819557000128 5.709983594999812 5.885152077999919 4.37152399300021 3.227901340000244 2.685931284000162 3.3431616520000063
0.8 13.699737206999998 6.633918811999592 6.833357670999703 5.065512855000179 3.723804733000179 3.087943811000059 3.8213669680000066
1.0 15.761875087000135 7.6307293069999105 7.866866600999856 5.830889936999938 4.286261526000089 3.544889499999954 4.309847232999999
1.1 17.910750934000134 8.65575097799956 8.915573018000032 6.593879168000058 4.834206350999921 3.979647922999902 4.8323323620000025
1.2 20.171354763999943 9.751087138999992 10.013631798000006 7.391576954999891 5.452592144999926 4.426371223999922 5.352730531000006
1.3 22.53675867700008 10.899030070999743 11.199795763999646 8.26585846900025 6.049785352000072 4.891170092000266 5.892142777000004
1.4 25.010967574000006 12.072938698999678 12.396368838999933 9.132636485000148 6.721209498000007 5.373269217000143 6.437742752999995
1.5 27.592821264000122 13.320942354999715 13.686336258999745 10.082812617999934 7.369854378000127 5.872647189999952 7.002261274999995
1.6 30.2812360370001 14.625232462999975 14.982413447999988 11.022113831999832 8.094547085000158 6.390261040000041 7.506453847000003
1.7 33.07603864399994 15.952444677999665 16.327899938999963 11.996891361000053 8.795184287000211 6.924953066999933 8.096633535999999
1.8 35.97849654400011 17.357186139999612 17.770951986 13.052507516999867 9.574317676000192 7.476819421000073 8.705006111000003
1.9 39.01675327299995 18.78485413899989 19.216097552000065 14.09610693600007 10.324132650000138 8.045868553000219 9.329038005000001
2.0 42.14266734900002 20.292886705 20.76027624299968 15.225404640999841 11.16077034 8.69634218200008 9.968398156000006
2.1 45.373233518000006 21.855726522999703 22.30465923299971 16.334200859000248 11.961270826000145 9.308552256999974 10.624561503999999
2.2 48.710582940999984 23.437917367999944 23.954097547999936 17.48078441100006 12.84988193900017 9.935088860000178 11.29556538
2.3 52.152632837000056 25.10007687999996 25.59514965299968 18.721504439 13.700997937000011 10.577303291000135 11.979829984000006
2.4 55.703503086999945 26.81732661399974 27.284038591999888 19.938522909999847 14.644120400000247 11.236696548000054 12.588886189999997
2.5 59.357860541000036 28.548252275999857 29.084746992999953 21.252628127000207 15.54398361099993 11.911370264000197 13.301354719000003
2.6 63.119881247999956 30.366506903999834 30.8734003149998 22.541659077000077 16.53724976700005 12.603859107000062 14.031491536000004
2.7 66.98387340900013 32.2332058449997 32.77564592099998 23.931679881000036 17.48693757000001 13.313355097000112 14.773606850999997
2.8 70.98584084899994 34.11528135299977 34.663685387999976 25.291094670999883 18.532729007999933 14.039950144000159 15.528412833999994
2.9 75.05639564800003 36.08882765699991 36.60068494799998 26.685637595000117 19.530153313000028 14.781710639000266 16.293968965000005
3.0 79.23390556100003 38.07522710899957 38.65360714999997 28.188928812000086 20.627466642999934 15.617604829999891 17.077497334
3.1 83.51383739700009 40.15994379599988 40.69067689399981 29.653322005000064 21.67453710100017 16.40040197799999 17.879631419999996
3.2 87.89947019800002 42.29138126599992 42.84474842999998 31.22779145100003 22.826621522000096 17.196348814999965 18.591620389
3.3 92.39403701100014 44.438407322999865 44.97767767999994 32.76722470200002 23.92296662300032 18.011269839000306 19.419922740999993
3.4 97.01747476500009 46.68156382499956 47.16132175099983 34.33917400900009 25.128871276000154 18.839099220000207 20.26469675
3.5 101.77558978699994 48.970773340999585 49.46682596399978 36.020111987999826 26.275553268000294 19.68426348899993 21.128619516
3.6 106.64161162300002 51.26874840499977 51.74390568099989 37.65697305399999 27.535695603000022 20.544485125999927 22.007979520000006
3.7 111.64939522700001 53.663472782999634 54.15222666799991 39.41093902300008 28.732723017000353 21.42245374999993 22.912415659999994
3.8 116.70569619399998 56.06423313099958 56.53212961899999 41.12229894700022 30.045366694000222 22.317436800999985 23.826579057999993
3.9 121.88697144100001 58.55876162499999 59.03657147099966 42.86859096699982 31.387249456000063 23.229001640000206 24.752989344000014
4.0 127.18433128999982 61.11209328899986 61.508476527999846 44.73500339700013 32.66056421800022 24.256722960999923 25.576469507000013
4.1 132.58012868299988 63.66721349299996 64.02661366799975 46.54443803699996 34.05639088199996 25.205873994000285 26.537599688
4.2 138.08524933000012 66.32009281199998 66.68614428499995 48.48645623599987 35.377566016999936 26.17469036300008 27.511425976999988
4.3 143.70838867899988 69.0200147239998 69.2980150809999 50.36926854400008 36.83258273199999 27.158853311000257 28.497465784000013
4.4 149.44188469999995 71.72106834499982 72.05025382399981 52.28469719700024 38.20712166900012 28.159553876000246 29.494235709999998
4.5 155.28272258499987 74.52380271099992 74.76084635400002 54.33749974900002 39.710050566000064 29.180826688000252 30.507997603000007
4.6 161.2890377639999 77.38432914699979 77.52053399599981 56.331306250000125 41.13081960599993 30.218608727000174 31.53716582300001
4.7 167.35183492500005 80.2355158649998 80.42484697600003 58.45425318100024 42.68856229400035 31.273856892999902 32.58568233099999
4.8 173.51247264000017 83.19853561599984 83.28246083299973 60.515842901999804 44.16495902600036 32.346980437000184 33.514288217
4.9 179.76720091099992 86.15037583899993 86.28905108699973 62.611447277000025 45.77968184500014 33.43446461800022 34.58824111000001
5.0 186.14063283300015 89.21434591399975 89.24299407999979 64.85186715999998 47.30205996900031 34.648127209999984 35.677145171999996
5.1 192.63927809600023 92.32761884199999 92.2464982739998 67.01806248399998 48.96503028200004 35.774698466000245 36.784248280000014
5.2 199.23803899300015 95.44128645899991 95.40104469499965 69.33042885600025 50.537924958000076 36.91217655900027 37.90008409699999
5.3 205.94464482399985 98.65248517099963 98.50116470500006 71.56686570900001 52.259634260999974 38.07074272999989 39.03337194100001
5.4 212.75775170800011 101.90800782699989 101.75823585999979 73.96079756800009 53.886625009 39.245540248 40.182113703
5.5 219.75222805399994 105.148250405 104.95670058399992 76.26508636100016 55.659534194000116 40.44168800200032 41.350911602
5.6 226.77992809500006 108.50889559399957 108.31765371399979 78.60558918800007 57.33207336500027 41.655853104000016 42.38410551199999
5.7 233.91449964900016 111.8534864459998 111.61514271299984 81.09883811200007 59.16352220099998 42.885057554000014 43.577937666999986
5.8 241.16167700600022 115.32084097799998 114.96103782399996 83.5028308599999 60.88856854400001 44.131497640999896 44.78635052000001
5.9 248.51726364599995 118.8480662119996 118.47689508899975 86.06930973199997 62.776448081000126 45.397710524000104 46.01146284999999
6.0 255.99323938800012 122.35804172799999 121.92232648499976 88.55283456699999 64.55377322599998 46.81031578600005 47.254126587
6.1 263.63024880399985 125.98675138499993 125.53944902500007 91.07064525700025 66.49388245499995 48.10883701400007 48.511621523
6.2 271.3774103540002 129.66597524499957 129.08568089499977 93.75042659100018 68.32158738199996 49.42774312000029 49.781190296000005
6.3 279.2463967840001 133.3161279889996 132.67745566899976 96.33201837100023 70.31732271300007 50.76481379300003 51.067170417
6.4 287.305599735 137.0927583939997 136.44460332499966 99.08237877500005 72.19065012200008 52.12057399300011 52.20299944999999
6.5 295.37729471399985 140.95258001599996 140.1398782819997 101.73911929299993 74.23167798600025 53.49120961000017 53.51350564699999
6.6 303.56065327600004 144.7385231789999 144.01697497099985 104.43077147600025 76.15487595800005 54.92153521899991 54.842627711000006
6.7 311.91304649200015 148.65823618199965 147.81270696299998 107.3015847810002 78.25006974300004 56.33221454000022 56.186888893
6.8 320.3328145070002 152.54831627899966 151.73332506499992 110.16438142800007 80.22093136800004 57.75592246899987 57.54311813300001
6.9 328.8712355939999 156.56157344699977 155.77699287899986 113.10998440100002 82.37079881499994 59.21328834299993 58.920446819000006
7.0 337.530762612 160.63723156499964 159.74183581399984 115.95351437099998 84.52502071100025 60.942589605000194 60.79281192900001
7.1 346.2852094550001 164.68346868799972 163.90356643899986 118.82754674499984 86.73787970800004 62.428994715000044 62.20554093999999
7.2 355.1545533609999 168.85076596299996 167.9831561169999 121.88470533100008 88.81972034499995 63.930745112000295 63.45513570700001
7.3 364.20224025799985 173.07873901699986 172.25654438499987 124.82696439500023 91.0870089240002 65.45795513600024 64.896678613
7.4 373.2774703020002 177.27060607799967 176.43970678699998 127.95182041099997 93.21184179500005 67.00067228700027 66.35549498699999
7.5 382.54058280699996 181.59929106699974 180.66653866199977 130.9623133949999 95.53008454500014 68.56138164499998 67.83205795800001
7.6 391.9938290020002 185.89295183199965 185.08981777600002 134.16581352799994 97.86941178300003 70.13462899100023 69.327931207
7.7 401.4806076709999 190.32878809399972 189.4129626959998 137.25028404000022 100.06242705300019 71.72786017399994 70.837297783
7.8 410.99561759699986 194.81046364999975 193.9451896139999 140.36945770700004 102.44845475300008 73.33563445500022 72.36667999599999
7.9 420.603041738 199.25859790999993 198.37513816699993 143.68558493299997 104.6853124270001 74.96531828200023 73.91324418600001
8.0 430.32527466099987 203.84332659999973 202.84883560399976 146.87152129900005 107.12163628899998 76.77729171100009 75.26606757600001
8.1 440.13033313200026 208.48962041999994 207.53273978800007 150.25825722399986 109.40682695500027 78.44062394399998 76.83085928400001
8.2 450.136658011 213.0899513469999 212.115445808 153.51876557900005 111.89173819000007 80.123008433 78.41363779900001
8.3 460.202389801 217.82852105199981 216.90014795599973 156.81000981900024 114.23184309699991 81.82694201899994 80.010346941
8.4 470.3459469490001 222.63376556799994 221.57454970199979 160.302925598 116.76807242399991 83.54868491200023 81.624123741
8.5 480.606701939 227.39238068999975 226.302083519 163.66487733700023 119.15593677400011 85.28845109200029 83.25243078899999
8.6 491.0087614370002 232.29942159999973 231.242960864 167.24106665199997 121.74740439200013 87.04175226100006 84.901712713
8.7 501.4633085070002 237.16600128599976 236.0709791649997 170.67970830000013 124.17824798600031 88.8125350260002 86.561512026
8.8 512.1240581250001 242.1712931799998 241.118896683 174.1577381410002 126.82337372600023 90.60518272900026 88.026446469
8.9 522.9003729849999 247.22161484699973 246.04514647999986 177.84123400999988 129.30445001099997 92.4172346979999 89.71536864699999
9.0 533.793069947 252.2238319219996 251.19652572099994 181.3826829210002 132.01751967100017 94.4319339460003 91.426508082
9.1 544.8798615090002 257.3757420339998 256.21591356399995 185.13501754900017 134.556847157 96.28002062900032 93.15107621499999
9.2 556.0419469589999 262.5840179769998 261.2938284269999 188.74664261999988 137.31696729000032 98.14970945899995 94.88905905499999
9.3 567.4176923759999 267.7423528669997 266.60133054399967 192.38994229499986 139.8964590800001 100.03676067700007 96.634633105
9.4 578.9420150399999 273.054615304 271.77864114199974 196.24705933699988 142.70566054500023 101.94053423200012 98.41046553999999
9.5 590.5870628149999 278.3221685479998 277.181593494 199.95785183199996 145.33327143700035 103.86313468400022 100.20129331199999
9.6 602.3219413469999 283.7416855479996 282.4514366579997 203.88778825300005 148.1931896340002 105.79814900400015 101.77547735799999
9.7 614.1848267880002 289.21413274999986 287.78214106199994 207.66596770800015 150.866446 107.75463427100021 103.59684023599999
9.8 626.1530530430002 294.63628986899994 293.3519355579997 211.46112252000012 153.7686320900002 109.73011135500019 105.43043072200001
9.9 638.2119697649998 300.1945598979996 298.77485320799997 215.48846842500006 156.49406093800008 111.71923704600022 107.27730395500001
10.0 650.49949485 305.8270178449998 304.3405273059998 219.34758023699987 159.42813884299994 113.85591753500012 109.115988861
