200.0 0.03861132100018949 0.022033886999906827 0.02707360000022163 0.07748237700002392
250.0 0.07127796799977659 0.040977896999947916 0.03085626299980504 0.029206711000028918
500.0 0.5801417349998701 0.3121021990000372 0.23412641000004442 0.14401483500000722
1000.0 4.653563853999913 2.4642988880000303 1.9043533049998587 1.0583156499999973
1500.0 17.066734742000335 8.872037968000086 6.855874365000091 3.681790847000002
2000.0 39.09461407200024 20.236157101000117 15.999520834999657 8.454358817000013
2500.0 79.73095918699983 40.883613599 31.694951068000137 16.572764291
3000.0 148.98526960900017 76.22640014700005 56.82486926199999 29.40292315099998
3500.0 229.5580844619999 117.02550661399982 88.198120345 45.455442844000004
4000.0 345.3964106129997 176.19818728600012 132.67401143799998 68.02332918500002
4500.0 516.1035576149998 265.0645532829999 196.91889605400002 100.37012516700008
5000.0 665.44283756 346.12543787100003 266.61914607000017 135.34678214099995
