100000.0 0.8583300049999707 0.3540780680000353 0.13750214000015148 0.16834008199998607
200000.0 2.9865577310000617 1.4064860819999012 0.461239575000036 0.22376752300010594
300000.0 6.638337866999905 3.1294817660000263 0.959812766999903 0.40581742500012297
400000.0 11.840299589999972 5.553206657999908 1.6487832190000518 0.6874184900000273
500000.0 18.580131070999983 8.671188575000087 2.5262790070000847 0.9596906679998938
600000.0 26.96296547700001 12.487961820999999 3.5980609060000006 1.2142704430000322
700000.0 36.77628350300006 16.975584834000074 4.808058695999989 1.6679266430001007
800000.0 48.433886600000164 22.112818800000014 6.2571443700001055 2.106158692000008
900000.0 62.921389294999926 28.3088605559999 7.842664213000035 2.5811595270001817
1000000.0 80.52689779800016 34.64522053299993 9.672582593000016 3.0905536179998307
